0.000000000000000000e+00 0.000000000000000000e+00 0.000000000000000000e+00 0.000000000000000000e+00 0.000000000000000000e+00 0.000000000000000000e+00 0.000000000000000000e+00 0.000000000000000000e+00 0.000000000000000000e+00 0.000000000000000000e+00 0.000000000000000000e+00 0.000000000000000000e+00 0.000000000000000000e+00 0.000000000000000000e+00 0.000000000000000000e+00 0.000000000000000000e+00 0.000000000000000000e+00 0.000000000000000000e+00 0.000000000000000000e+00 0.000000000000000000e+00 0.000000000000000000e+00 0.000000000000000000e+00 0.000000000000000000e+00 0.000000000000000000e+00
3.621295200681375892e-01 2.840703448845496304e-01 1.954496530397231702e-01 1.152516992240220361e-01 5.773377832483968936e-02 2.266796914342968788e-02 5.905345729714161704e-03 9.830660009963367984e-04 1.150309196191108031e-04 0.000000000000000000e+00 0.000000000000000000e+00 0.000000000000000000e+00 0.000000000000000000e+00 0.000000000000000000e+00 0.000000000000000000e+00 0.000000000000000000e+00 0.000000000000000000e+00 0.000000000000000000e+00 0.000000000000000000e+00 0.000000000000000000e+00 0.000000000000000000e+00 0.000000000000000000e+00 0.000000000000000000e+00 0.000000000000000000e+00
5.297645071360052027e-01 4.766394038564582547e-01 3.774136733305811786e-01 2.639285485404391229e-01 1.597959870927076476e-01 8.358388546949799269e-02 3.569907042445152195e-02 1.099389617153657787e-02 2.114579824025144671e-03 2.767993834540322974e-04 0.000000000000000000e+00 0.000000000000000000e+00 0.000000000000000000e+00 0.000000000000000000e+00 0.000000000000000000e+00 0.000000000000000000e+00 0.000000000000000000e+00 0.000000000000000000e+00 0.000000000000000000e+00 0.000000000000000000e+00 0.000000000000000000e+00 0.000000000000000000e+00 0.000000000000000000e+00 0.000000000000000000e+00
6.514912609059473336e-01 6.359591511175246570e-01 5.553754165818471922e-01 4.303365261154259436e-01 2.945912794534333856e-01 1.756921241777818776e-01 9.032625190892935862e-02 3.771812010243991847e-02 1.134032962929613746e-02 2.212097140075009859e-03 2.329748934364380276e-04 0.000000000000000000e+00 0.000000000000000000e+00 0.000000000000000000e+00 0.000000000000000000e+00 0.000000000000000000e+00 0.000000000000000000e+00 0.000000000000000000e+00 0.000000000000000000e+00 0.000000000000000000e+00 0.000000000000000000e+00 0.000000000000000000e+00 0.000000000000000000e+00 0.000000000000000000e+00
8.780616944436130389e-01 9.404960932812684860e-01 9.282616345773190281e-01 8.345756363273382217e-01 6.717855943399805296e-01 4.816576289450065218e-01 3.039671017599152592e-01 1.662171883810875106e-01 7.736474647988933473e-02 2.770004798262162837e-02 7.117707853150943148e-03 1.283155889889794248e-03 0.000000000000000000e+00 0.000000000000000000e+00 0.000000000000000000e+00 0.000000000000000000e+00 0.000000000000000000e+00 0.000000000000000000e+00 0.000000000000000000e+00 0.000000000000000000e+00 0.000000000000000000e+00 0.000000000000000000e+00 0.000000000000000000e+00 0.000000000000000000e+00
1.031295294914507998e+00 1.163091139964644638e+00 1.222857978750476970e+00 1.191225198016850451e+00 1.061296082507755534e+00 8.498119236112442465e-01 6.071980425415658411e-01 3.815127815757521912e-01 2.081180190357373727e-01 9.699670395565385128e-02 3.509497645340780431e-02 9.532495299537549482e-03 2.040669826365657490e-03 0.000000000000000000e+00 0.000000000000000000e+00 0.000000000000000000e+00 0.000000000000000000e+00 0.000000000000000000e+00 0.000000000000000000e+00 0.000000000000000000e+00 0.000000000000000000e+00 0.000000000000000000e+00 0.000000000000000000e+00 0.000000000000000000e+00
1.142891830599624958e+00 1.331000604879710059e+00 1.459779798192427647e+00 1.495502182882673559e+00 1.421433407072817179e+00 1.232527586029048106e+00 9.582893774121423736e-01 6.645287597049966966e-01 4.035253513659419755e-01 2.131676415568380945e-01 9.421730740590493480e-02 3.239976053709524295e-02 8.904525389436387592e-03 1.823365344629471630e-03 0.000000000000000000e+00 0.000000000000000000e+00 0.000000000000000000e+00 0.000000000000000000e+00 0.000000000000000000e+00 0.000000000000000000e+00 0.000000000000000000e+00 0.000000000000000000e+00 0.000000000000000000e+00 0.000000000000000000e+00
1.228387169829798786e+00 1.465163337501260488e+00 1.654031580817644231e+00 1.758221050031463673e+00 1.745235647716342653e+00 1.600513724501257062e+00 1.330741072355182464e+00 9.892851937798977646e-01 6.539011742535315586e-01 3.759033378489919364e-01 1.874827750849292485e-01 7.626966954156245981e-02 2.418119391724333350e-02 6.922899479925680513e-03 7.866316298131988648e-04 0.000000000000000000e+00 0.000000000000000000e+00 0.000000000000000000e+00 0.000000000000000000e+00 0.000000000000000000e+00 0.000000000000000000e+00 0.000000000000000000e+00 0.000000000000000000e+00 0.000000000000000000e+00
1.379206722082614522e+00 1.665480405830940036e+00 1.954749977738737821e+00 2.181058558863659513e+00 2.299289384467138042e+00 2.266200612228091771e+00 2.065213341440161443e+00 1.707027962830842238e+00 1.262221145453692683e+00 8.300815697805062898e-01 4.759804896891572379e-01 2.372313156051078231e-01 9.614402511605574242e-02 3.143039693096266740e-02 9.829592014237602260e-03 1.253439446206642020e-03 0.000000000000000000e+00 0.000000000000000000e+00 0.000000000000000000e+00 0.000000000000000000e+00 0.000000000000000000e+00 0.000000000000000000e+00 0.000000000000000000e+00 0.000000000000000000e+00
1.497008225855821939e+00 1.830459464896628807e+00 2.179017974440410566e+00 2.509599689994767235e+00 2.747873376900122899e+00 2.840635631734611977e+00 2.739889136659716229e+00 2.435971411375375872e+00 1.955340067345675115e+00 1.406496752646022141e+00 8.928919916546894653e-01 4.960668504560610259e-01 2.364711774387633636e-01 9.152093811902679843e-02 2.945666657091873183e-02 1.111621593790166479e-02 0.000000000000000000e+00 0.000000000000000000e+00 0.000000000000000000e+00 0.000000000000000000e+00 0.000000000000000000e+00 0.000000000000000000e+00 0.000000000000000000e+00 0.000000000000000000e+00
1.560720437679257833e+00 1.978515944498856038e+00 2.363639246360136337e+00 2.772067243753888910e+00 3.118810661755453850e+00 3.332851786051014731e+00 3.348620770438687888e+00 3.126752953542816904e+00 2.676265022881640476e+00 2.054795538159428503e+00 1.412762193980987346e+00 8.515376787125101821e-01 4.481380777582574804e-01 1.988288940522897896e-01 7.195847327514964809e-02 2.393314423678657640e-02 7.552231769847067566e-03 0.000000000000000000e+00 0.000000000000000000e+00 0.000000000000000000e+00 0.000000000000000000e+00 0.000000000000000000e+00 0.000000000000000000e+00 0.000000000000000000e+00
1.596379715389963927e+00 2.084874778702419107e+00 2.534208919003897442e+00 2.987354325832212609e+00 3.431718985092666596e+00 3.756898731244550760e+00 3.896116610408628667e+00 3.774419022215418362e+00 3.385902358869030238e+00 2.747579902184227318e+00 2.002252465187521313e+00 1.293458158926044321e+00 7.318307964202065419e-01 3.573922647245300621e-01 1.449057386696421534e-01 4.918621740154374006e-02 1.896032270481725832e-02 2.270997478266820972e-03 0.000000000000000000e+00 0.000000000000000000e+00 0.000000000000000000e+00 0.000000000000000000e+00 0.000000000000000000e+00 0.000000000000000000e+00
1.622584034667607034e+00 2.153828554391966854e+00 2.687198092464098131e+00 3.179584863991987032e+00 3.697854172064171330e+00 4.129715316146429060e+00 4.382029431761416127e+00 4.376409857662995506e+00 4.062484453881861413e+00 3.458071315609750229e+00 2.640206380198924840e+00 1.808159053232168745e+00 1.084602912169884359e+00 5.689833770267589408e-01 2.522654451366921347e-01 9.249349473420473422e-02 3.251497905706956376e-02 1.119255205651942947e-02 0.000000000000000000e+00 0.000000000000000000e+00 0.000000000000000000e+00 0.000000000000000000e+00 0.000000000000000000e+00 0.000000000000000000e+00
1.644541993154056359e+00 2.201934457614385554e+00 2.809965890049550552e+00 3.361625745054034997e+00 3.928377010608008035e+00 4.459154389817913788e+00 4.819810511880555204e+00 4.932502185567516406e+00 4.709119089995630780e+00 4.157194146491662856e+00 3.313304269948388558e+00 2.373341841650139283e+00 1.500445968149902498e+00 8.331410449761785797e-01 3.980768794453276582e-01 1.589416406692392147e-01 5.520963536317223530e-02 2.472099519453614322e-02 8.214158975496314418e-04 0.000000000000000000e+00 0.000000000000000000e+00 0.000000000000000000e+00 0.000000000000000000e+00 0.000000000000000000e+00
1.663856029226670419e+00 2.239719217658945993e+00 2.901442941404873022e+00 3.532196161755249975e+00 4.137369230129076314e+00 4.751287715443415216e+00 5.217153039051536823e+00 5.445462933736600952e+00 5.328698496199526957e+00 4.839281689612166204e+00 4.004080737287708303e+00 2.977789526872653081e+00 1.974430838266777899e+00 1.147253471760960819e+00 5.800368018802490866e-01 2.474540563151267636e-01 8.956892281351276630e-02 3.540773147129951115e-02 9.307568522259522525e-03 0.000000000000000000e+00 0.000000000000000000e+00 0.000000000000000000e+00 0.000000000000000000e+00 0.000000000000000000e+00
1.681148645391708829e+00 2.270770704336975143e+00 2.970168945456027831e+00 3.682305201709302533e+00 4.332297660907149961e+00 5.009672742526700695e+00 5.580318746146838649e+00 5.913809935686358266e+00 5.911049319487550413e+00 5.495779225895359055e+00 4.701647325470324823e+00 3.609465360671138434e+00 2.489843479430498885e+00 1.507195440605745063e+00 8.019593269703968463e-01 3.635185855291054313e-01 1.385907460759991661e-01 5.068553471401126415e-02 1.994850273532977614e-02 0.000000000000000000e+00 0.000000000000000000e+00 0.000000000000000000e+00 0.000000000000000000e+00 0.000000000000000000e+00
1.697169206152222110e+00 2.298912554351352444e+00 3.024075102476820653e+00 3.807963172042440725e+00 4.519186518391972385e+00 5.245872879215916385e+00 5.912358609449189117e+00 6.350484436525427157e+00 6.464648526625522251e+00 6.137428440246186945e+00 5.392155788793933979e+00 4.273629780121929400e+00 3.045003830558575597e+00 1.917385402241357450e+00 1.058499575379167501e+00 5.048659352633390052e-01 2.026439853442720818e-01 7.354508576839949296e-02 3.476265944554118859e-02 1.145100637823107288e-03 0.000000000000000000e+00 0.000000000000000000e+00 0.000000000000000000e+00 0.000000000000000000e+00
1.714256997879116007e+00 2.326805949444741284e+00 3.072572183394360668e+00 3.916189989770716195e+00 4.699916935544761643e+00 5.468284388059223566e+00 6.214693403095679969e+00 6.763281151517329448e+00 6.979378669202295882e+00 6.762461261803420776e+00 6.062446383870198297e+00 4.950477624510912555e+00 3.622959613785595057e+00 2.374038677733260716e+00 1.354719623876734058e+00 6.782679692317435949e-01 2.845662154954152756e-01 1.045581815506856083e-01 4.523197912339237126e-02 1.036635770649364276e-02 0.000000000000000000e+00 0.000000000000000000e+00 0.000000000000000000e+00 0.000000000000000000e+00
1.731233289335382342e+00 2.351382152206023868e+00 3.116597397744275355e+00 4.001937841950471864e+00 4.869943761775317626e+00 5.674609935423154283e+00 6.500347347068149872e+00 7.142011183592106072e+00 7.473745516334053818e+00 7.349173946908490684e+00 6.727581717796939031e+00 5.630693050158870783e+00 4.241066288363347425e+00 2.852712923706442361e+00 1.687498529891946708e+00 8.704479581006382416e-01 3.853924596161637517e-01 1.460862336425202135e-01 5.789363135765483726e-02 2.043716375888740555e-02 0.000000000000000000e+00 0.000000000000000000e+00 0.000000000000000000e+00 0.000000000000000000e+00
1.748129444243736508e+00 2.376116695526546252e+00 3.155823772588484122e+00 4.075801508413787744e+00 5.024169256598145061e+00 5.877334128467103014e+00 6.764709965206925801e+00 7.503755577140912791e+00 7.937387372961083543e+00 7.921492883065348600e+00 7.377600988124383363e+00 6.311256511943059699e+00 4.874215119371745786e+00 3.366717763468386693e+00 2.058779451071978794e+00 1.099272819330993300e+00 5.061584180822142898e-01 1.955968974599841814e-01 7.568576033197743635e-02 3.450293249716604449e-02 0.000000000000000000e+00 0.000000000000000000e+00 0.000000000000000000e+00 0.000000000000000000e+00
1.763839134885871518e+00 2.398537257829644886e+00 3.191657020208464868e+00 4.141248246562893698e+00 5.157449440934914975e+00 6.074713802880369329e+00 7.004885745186088641e+00 7.843354764916650623e+00 8.375441072625891437e+00 8.477051633776397921e+00 8.006701416738334132e+00 6.996861781886122955e+00 5.518953822168077394e+00 3.916732537240813272e+00 2.456278016596602054e+00 1.353787690901886887e+00 6.450222378140870738e-01 2.609393872416168048e-01 9.801395882023859751e-02 4.833482350962441110e-02 1.572575595429337664e-03 0.000000000000000000e+00 0.000000000000000000e+00 0.000000000000000000e+00
1.796595058971587333e+00 2.444274985212493867e+00 3.259197440573141868e+00 4.254540579416999257e+00 5.380226411372004414e+00 6.449294181293796058e+00 7.457866221273245166e+00 8.463307470934767096e+00 9.192538698106268669e+00 9.509940270926703576e+00 9.226629838582521614e+00 8.330404470171668407e+00 6.849584667085998113e+00 5.073724546017456483e+00 3.346407386864077349e+00 1.946890037903330040e+00 9.831923707804006707e-01 4.266028774657059097e-01 1.603462394715455541e-01 7.065368632105716029e-02 2.201856060275605292e-02 0.000000000000000000e+00 0.000000000000000000e+00 0.000000000000000000e+00
1.828320665540267953e+00 2.488393265416812383e+00 3.322629942508367851e+00 4.352621411031877940e+00 5.554927942085413406e+00 6.782906528085719700e+00 7.886598237127909528e+00 9.021027517733481105e+00 9.942404696915026818e+00 1.045913485693399458e+01 1.038424808367260965e+01 9.620392120680367753e+00 8.193118037005922005e+00 6.297647134529696267e+00 4.333257242891227712e+00 2.638528046198034271e+00 1.405491165865705216e+00 6.484926648609526945e-01 2.563827590573694581e-01 1.045441071975766745e-01 4.955242049764928269e-02 0.000000000000000000e+00 0.000000000000000000e+00 0.000000000000000000e+00
1.858868563097034077e+00 2.530361349642963109e+00 3.382967711218487938e+00 4.440140727120236441e+00 5.703610048951255784e+00 7.066890079963008553e+00 8.297863932145551402e+00 9.516425954094634321e+00 1.063060792304460733e+01 1.133685761007267523e+01 1.148183523070788503e+01 1.086292488633177555e+01 9.531533790191348388e+00 7.566245767998022842e+00 5.408152197276552720e+00 3.422740139370400225e+00 1.906291947295044364e+00 9.211772700431910543e-01 3.841326883319111096e-01 1.487513519749324720e-01 7.506598447729249945e-02 8.986671550390847377e-03 0.000000000000000000e+00 0.000000000000000000e+00
1.887692510097487508e+00 2.572134231519294101e+00 3.439672536894660571e+00 4.522773467439511919e+00 5.834816197384712133e+00 7.301977091629065164e+00 8.684524405591149687e+00 9.984297307055470583e+00 1.126353603033183504e+01 1.215994445044755956e+01 1.250760934426755178e+01 1.207137724411201418e+01 1.084289557447914731e+01 8.872316042435176797e+00 6.545261681881787474e+00 4.301637076843159768e+00 2.492863425703262248e+00 1.258503163845340778e+00 5.511133712736238088e-01 2.134609481531418718e-01 9.842538008029487473e-02 3.100982661735739512e-02 0.000000000000000000e+00 0.000000000000000000e+00
1.914763993356156879e+00 2.612130254102871252e+00 3.492156698098035417e+00 4.598444811770265872e+00 5.944618491864855692e+00 7.498536575609765720e+00 9.036420463038604467e+00 1.043316750916987701e+01 1.183169557493011759e+01 1.293536709611606206e+01 1.346918419875257733e+01 1.324427136987835318e+01 1.212001607370546097e+01 1.021029464982523294e+01 7.730334863497925646e+00 5.260870750526771111e+00 3.144427214297144335e+00 1.659745321014138186e+00 7.532773416973775893e-01 2.999117301652076129e-01 1.262866288062896580e-01 5.806902742643169774e-02 0.000000000000000000e+00 0.000000000000000000e+00
1.941445007845366222e+00 2.649308344896537548e+00 3.544679242749750436e+00 4.670126901723171464e+00 6.052769444868448367e+00 7.672186358825815233e+00 9.360303930272296569e+00 1.086042994389354455e+01 1.237160086101259004e+01 1.365036845896980999e+01 1.438848256953061977e+01 1.435664056889090467e+01 1.338920286630549938e+01 1.151654425909810264e+01 8.961809827947273988e+00 6.260639349173172441e+00 3.878777426023926722e+00 2.108483575739140914e+00 1.001408514837626385e+00 4.084041301451170614e-01 1.678686073411603807e-01 9.261180599783755407e-02 0.000000000000000000e+00 0.000000000000000000e+00
1.966328699158490956e+00 2.684040575117843108e+00 3.594407298335916767e+00 4.735707747124224376e+00 6.148867542649010254e+00 7.824611240034167636e+00 9.639736484999243515e+00 1.127597919563469375e+01 1.287819566465939580e+01 1.432810420200953239e+01 1.526121166960183473e+01 1.542504448996910860e+01 1.462074345761373628e+01 1.282454266556647582e+01 1.023374448148734039e+01 7.329709446894639768e+00 4.687439635116113834e+00 2.619484978480646653e+00 1.286544052163456797e+00 5.423351616842906342e-01 2.183414417373461258e-01 1.115593584729038940e-01 1.960437575103960925e-02 0.000000000000000000e+00
2.002751619920989601e+00 2.736144916789804871e+00 3.666640257606585518e+00 4.836647612354068926e+00 6.288430135290946410e+00 8.036005870103407389e+00 9.995943128953586054e+00 1.186833376473913049e+01 1.358659140821079880e+01 1.527454145013196474e+01 1.647801822925062964e+01 1.694819560308249606e+01 1.638842710512491507e+01 1.476851205111152865e+01 1.215774656411320898e+01 9.030606284580553478e+00 5.987352970024232057e+00 3.502312993629445259e+00 1.792015232146771053e+00 7.990829987588804473e-01 3.189250447422426471e-01 1.498729671914199313e-01 5.843673320677927885e-02 0.000000000000000000e+00
2.037985824163023540e+00 2.785470920945372963e+00 3.734708012647062869e+00 4.929078644305237233e+00 6.414606987039714880e+00 8.223366830269288386e+00 1.030071177223858037e+01 1.240273379063094517e+01 1.426201614677875540e+01 1.613686242439429819e+01 1.761047750269100476e+01 1.837677381915559494e+01 1.809644895321019931e+01 1.666268632302939778e+01 1.410712208538225987e+01 1.081033298729386516e+01 7.413518360856859779e+00 4.511050393354127941e+00 2.401653068122424184e+00 1.121325402081322586e+00 4.559948478115231074e-01 2.004241147219407992e-01 1.044331968581836967e-01 0.000000000000000000e+00
2.079988571070636727e+00 2.845719797824473485e+00 3.819211394474208099e+00 5.044897172079511272e+00 6.572778983768236216e+00 8.447452897947643535e+00 1.064584544507237496e+01 1.300661436979346419e+01 1.512056875622942087e+01 1.718223324885073566e+01 1.901745384158817131e+01 2.014915360303763592e+01 2.026152983064367419e+01 1.911069129359451324e+01 1.669133790868470157e+01 1.326757625998209988e+01 9.465567157595637937e+00 6.033744157743656800e+00 3.366713532019750765e+00 1.657187116185412590e+00 7.044018942322075594e-01 2.925711686825707702e-01 1.555193379738471771e-01 2.855892512501189556e-02
2.129520405720619625e+00 2.917739686729277082e+00 3.918485589249991907e+00 5.183547050172211179e+00 6.758154122682769938e+00 8.703747504638625898e+00 1.102730965072693614e+01 1.363520145473082401e+01 1.612862083514231415e+01 1.840654545962204836e+01 2.060511153381318650e+01 2.219877654291677516e+01 2.279114378081350978e+01 2.206554832723040960e+01 1.988005216793304086e+01 1.644554481500080811e+01 1.223597186128560566e+01 8.185779904250281902e+00 4.816247062187088090e+00 2.497141875577864045e+00 1.120774019905452557e+00 4.574323390527461064e-01 2.178058513705814214e-01 9.496821843118505302e-02
2.174514386069156924e+00 2.983401311427722913e+00 4.012151178061307277e+00 5.311415722944801132e+00 6.932218630717434493e+00 8.937214782859904005e+00 1.136222004869417823e+01 1.415040499296931742e+01 1.700770611153742706e+01 1.953566429729059806e+01 2.203050509586299910e+01 2.407115254129473669e+01 2.512834136075937508e+01 2.486149682806045291e+01 2.298936534320887759e+01 1.963377446119108427e+01 1.518868791405082064e+01 1.055125779489075022e+01 6.500173320033709068e+00 3.530989119911744467e+00 1.678303593488527978e+00 7.078868463255367782e-01 3.103231529586244486e-01 1.849971615664760261e-01
2.216854646182460531e+00 3.045318456709194876e+00 4.100044463283450291e+00 5.430275970674717456e+00 7.095831523179556122e+00 9.150307833040557171e+00 1.166307099571041839e+01 1.459701721534998242e+01 1.776539702069490545e+01 2.062130955264406396e+01 2.333985204050354056e+01 2.577809414137600896e+01 2.731778736580287870e+01 2.749691804140870843e+01 2.601511354527579556e+01 2.280568110865483789e+01 1.826343494564511616e+01 1.311965160653486606e+01 8.459319460381895084e+00 4.775525297838398409e+00 2.376366248859144825e+00 1.029742636635538000e+00 4.335663252491634423e-01 2.335373895662511967e-01
2.256959641525142946e+00 3.104467248586158412e+00 4.184603152788245239e+00 5.546327851345462356e+00 7.252926361326479388e+00 9.360037067145288603e+00 1.194505105998947769e+01 1.500447082435295343e+01 1.840902048262049817e+01 2.164316232061910128e+01 2.457595258192210608e+01 2.737856530015181988e+01 2.935835608517808026e+01 2.998875382573704584e+01 2.891629102143774332e+01 2.594202206613158523e+01 2.138809700678526227e+01 1.585363211534462202e+01 1.056746021601004593e+01 6.208203178692300206e+00 3.220629208921238718e+00 1.459444510964275077e+00 6.091423553046763084e-01 3.027078870995102977e-01
2.294066153226301363e+00 3.159459145823948489e+00 4.262432827717197448e+00 5.655532664980387203e+00 7.396604968937539049e+00 9.558735227833992099e+00 1.220379840631020585e+01 1.538065457964382077e+01 1.897495972635413608e+01 2.258511822452814855e+01 2.574564622881328191e+01 2.886959618723473753e+01 3.125372959145629892e+01 3.238324604540210316e+01 3.170874518032962897e+01 2.904760857045605604e+01 2.449960038830158382e+01 1.875263233308335842e+01 1.284353359782556758e+01 7.834617325367417173e+00 4.185919922910857238e+00 1.982928986137617589e+00 8.324820703983938364e-01 3.888750964742815341e-01
2.330166835952597548e+00 3.210483187005235273e+00 4.337426380886515886e+00 5.756512985664284265e+00 7.539607326199909032e+00 9.745194290554065830e+00 1.245782117307120629e+01 1.572426051772589695e+01 1.949252909857916904e+01 2.341999783088945719e+01 2.690732864699131355e+01 3.024070799562082712e+01 3.307443961737752147e+01 3.461421810227374607e+01 3.442546058156216304e+01 3.205241270627885086e+01 2.769456673096716770e+01 2.169102554177545983e+01 1.529941671289615357e+01 9.606316158812633788e+00 5.322226611232848903e+00 2.589893029258364177e+00 1.116174698054350323e+00 4.927975498065337301e-01
2.362984458851836500e+00 3.259139222791296753e+00 4.407686336084374545e+00 5.855549910862208662e+00 7.672132092381203528e+00 9.924502863524441665e+00 1.269229894634221445e+01 1.604326334557751110e+01 1.995276498055873660e+01 2.415710841385337915e+01 2.798546349619765294e+01 3.154522768912486796e+01 3.477597692821639441e+01 3.675820431050143355e+01 3.702325575211285269e+01 3.501785419232117391e+01 3.079818768910272198e+01 2.472504082120803304e+01 1.788617946388587399e+01 1.157161825277110445e+01 6.605331101211958433e+00 3.313120299188767159e+00 1.468179418232985256e+00 6.307420719319233315e-01
2.395334456215900687e+00 3.306868827715646830e+00 4.473994875499166746e+00 5.949275011225142684e+00 7.796592537538726830e+00 1.009700218454156939e+01 1.291670116527486556e+01 1.634949501717792941e+01 2.037698127605597165e+01 2.482362438728232590e+01 2.901648668672888576e+01 3.280993659310671973e+01 3.637538803116731856e+01 3.882744815842561792e+01 3.949617407294026350e+01 3.790845999282863943e+01 3.386098428339487043e+01 2.780746925645981449e+01 2.054592849193841886e+01 1.365966905148786026e+01 7.999486696261291385e+00 4.149456716635283371e+00 1.873405961497971006e+00 8.009231782453080095e-01
2.452477897932746842e+00 3.392151766592734763e+00 4.597283712022685265e+00 6.126115563902739147e+00 8.036560358610019605e+00 1.041879307416252409e+01 1.334467928329033981e+01 1.691762083323722621e+01 2.116223020118845355e+01 2.599931882303168251e+01 3.089361016152073702e+01 3.520822440480952054e+01 3.933208294933094606e+01 4.264971284667054618e+01 4.419055034891186295e+01 4.347168142208364117e+01 3.994032549119458508e+01 3.400608211498182243e+01 2.618874385252254910e+01 1.820800395218594403e+01 1.121670264786618887e+01 6.110875045670966621e+00 2.916459514460258529e+00 1.260741844625796526e+00
2.506905573560412659e+00 3.473687819398062260e+00 4.713378850016558985e+00 6.290197983270382487e+00 8.265112516361650563e+00 1.072107953838443528e+01 1.374825814365795118e+01 1.744404860229478160e+01 2.188370415340353148e+01 2.702296147417138883e+01 3.250129795221869955e+01 3.746817478070231999e+01 4.204635862798330237e+01 4.614486090677107200e+01 4.856318274766965004e+01 4.869278318784031967e+01 4.588564163887912883e+01 4.021677962503526516e+01 3.215936064792195737e+01 2.318593174198457163e+01 1.494889253309245625e+01 8.514981932105220253e+00 4.266825002972524317e+00 1.914676326295634334e+00
2.556052314218542509e+00 3.547228413845078254e+00 4.822220677972374858e+00 6.440879795471625258e+00 8.478690970030497098e+00 1.100337034102047973e+01 1.413027755082590176e+01 1.793587284789217762e+01 2.254687525046184504e+01 2.793016307428565170e+01 3.389597395764037202e+01 3.957197376339895811e+01 4.461287065764690141e+01 4.934518882605303958e+01 5.265760869394755161e+01 5.359783739253363422e+01 5.160769945669446912e+01 4.626321708981171099e+01 3.822056382943055297e+01 2.843590069790995756e+01 1.907203715173184833e+01 1.129948357293169536e+01 5.925759457422372201e+00 2.732401548964776605e+00
2.600487647561571691e+00 3.613487801198074223e+00 4.919142354115017213e+00 6.579196070389855322e+00 8.671377618924960728e+00 1.126564190498302231e+01 1.447685624218890155e+01 1.839325084529063048e+01 2.315133489862422778e+01 2.876474974715872435e+01 3.509510656645990423e+01 4.145492052231448810e+01 4.704053302812840798e+01 5.231687758127705479e+01 5.646621421615986947e+01 5.827670980052449323e+01 5.710795487078713251e+01 5.227180234227081712e+01 4.435777777671239619e+01 3.403890407001834717e+01 2.359140034567105104e+01 1.451547217299192383e+01 7.918079890728890291e+00 3.808284737986686874e+00
2.643105944249539263e+00 3.678401946735478489e+00 5.013146148612672270e+00 6.714712046116428468e+00 8.856282961887050220e+00 1.152578376366355783e+01 1.481397308543786018e+01 1.884566868723065625e+01 2.371906713785261900e+01 2.955621758709604308e+01 3.619682219843621596e+01 4.318027886369323198e+01 4.933617578437977613e+01 5.512072835403804305e+01 6.001500504863954433e+01 6.272740975606606639e+01 6.230073647524827862e+01 5.819165410089216550e+01 5.038431459422116632e+01 3.988120993675249082e+01 2.836025854723061812e+01 1.810965498494566717e+01 1.014807127444986001e+01 5.087237211504174184e+00
2.721793986355323103e+00 3.793624972226218084e+00 5.185784921846423146e+00 6.959883203162604559e+00 9.199012867287752471e+00 1.198964759352938358e+01 1.543836525249384550e+01 1.966326743287659795e+01 2.479288300698824443e+01 3.094509156796053162e+01 3.814018277478804464e+01 4.605005274860155851e+01 5.366477172156993447e+01 6.029366717023681588e+01 6.658798302588978402e+01 7.092025604314322607e+01 7.221771660633156387e+01 6.951341913259319938e+01 6.250069149621267428e+01 5.175619489742644674e+01 3.878596604280802751e+01 2.610364050110504053e+01 1.563691908202692282e+01 8.256649364441727812e+00
2.790226837935942950e+00 3.896570935812685654e+00 5.338190433248729327e+00 7.179586168376896893e+00 9.508582293737267932e+00 1.241857748280717466e+01 1.601533768190343210e+01 2.041785625368997614e+01 2.578655951155251458e+01 3.222616303190850573e+01 3.987109271971442581e+01 4.847556933663103251e+01 5.737610726753693768e+01 6.514214058609702818e+01 7.245125099195182372e+01 7.835848472233149664e+01 8.133060514996100210e+01 8.017928225268619258e+01 7.430577084179952863e+01 6.379040240175239518e+01 4.998131508816559432e+01 3.515436451062880252e+01 2.221075825061604192e+01 1.232322839250692148e+01
2.881431006668973005e+00 4.038284721966950208e+00 5.541809230149595145e+00 7.477166109719229681e+00 9.924587240802136279e+00 1.299561571907774216e+01 1.679550889911625333e+01 2.146190202218069487e+01 2.713468312876078059e+01 3.398577247868134066e+01 4.215404244248161092e+01 5.162925594008439134e+01 6.194898963671036540e+01 7.183634976194771582e+01 8.040142250058072193e+01 8.839105348947425966e+01 9.376633333931306424e+01 9.512435331354731716e+01 9.122508075628005031e+01 8.177662619185574044e+01 6.750169690778749043e+01 5.043347644650052075e+01 3.381357634264974621e+01 2.019046332532668231e+01
3.007123056828685748e+00 4.228727847865781264e+00 5.828957709206650684e+00 7.890663672292236086e+00 1.051956944122819060e+01 1.381879054754879022e+01 1.792171479976812520e+01 2.296072045335578693e+01 2.910789394135567321e+01 3.654335414424333806e+01 4.545728973883558410e+01 5.598458579232215726e+01 6.800808817995918787e+01 8.076006145478177700e+01 9.242934246336496074e+01 1.027502679563824017e+02 1.119288960657895018e+02 1.172214228553394690e+02 1.172522582370578021e+02 1.105684596104141235e+02 9.712959963841097988e+01 7.831911030511925276e+01 5.699938868592541752e+01 3.729149639334448096e+01
3.115760572258992500e+00 4.391802444457740151e+00 6.073804852065436855e+00 8.246571875717394917e+00 1.102702475059735399e+01 1.452968830418113910e+01 1.889516061785229439e+01 2.427448591576110459e+01 3.084443245719941373e+01 3.880015965500879815e+01 4.835760427443341314e+01 5.970316239803941016e+01 7.297335456223846961e+01 8.769939320071303257e+01 1.026227410933036452e+02 1.155262173524298959e+02 1.274748541601715743e+02 1.366993455322360660e+02 1.405821855021814315e+02 1.375078885451942767e+02 1.263353552440399454e+02 1.074919093629703752e+02 8.345214833341039196e+01 5.831552262150620436e+01
3.286626537958700300e+00 4.656172317398715954e+00 6.464827952454486493e+00 8.827462319618410547e+00 1.185750321479021530e+01 1.570550403112986437e+01 2.051999203910310854e+01 2.648547381215533392e+01 3.378937739850011468e+01 4.265890960794209263e+01 5.333489481538283883e+01 6.609536080084679099e+01 8.114901616449051858e+01 9.865084130552250485e+01 1.179635073741573876e+02 1.374035854046158818e+02 1.540840277057922378e+02 1.693438608386267674e+02 1.809130568845248206e+02 1.854613170633199672e+02 1.807175909738946586e+02 1.653428848616081268e+02 1.402331576601723100e+02 1.085330958312516145e+02
3.423116921419424141e+00 4.865602889820664245e+00 6.782069246285709951e+00 9.292057268752360599e+00 1.253558261493639847e+01 1.666281967016470134e+01 2.185885284196838896e+01 2.830999338668501153e+01 3.624253538102362882e+01 4.590186432555925222e+01 5.754477132695205199e+01 7.151030560260163327e+01 8.806530978970063472e+01 1.075202806941564688e+02 1.297884893942364215e+02 1.538505094617091231e+02 1.770664868311019973e+02 1.968913395926569478e+02 2.147895246820551733e+02 2.269306505875844095e+02 2.295489332045101207e+02 2.203924020445476799e+02 1.979261992102165948e+02 1.645692181286823370e+02
3.537664074481414733e+00 5.039251687048834860e+00 7.046601323447500675e+00 9.680824503374342527e+00 1.310241780771200837e+01 1.747319157283176239e+01 2.299466414795574210e+01 2.987861122062158259e+01 3.836713469134446086e+01 4.872100748410359472e+01 6.125285717726455914e+01 7.624963804168065451e+01 9.416065062185020906e+01 1.151811124312115027e+02 1.397306764069060705e+02 1.671335317214364409e+02 1.958568587316046319e+02 2.216479310007786125e+02 2.441573840424405830e+02 2.632488717502429267e+02 2.733023499070304752e+02 2.709455322186001922e+02 2.537728862925607416e+02 2.213594716017454402e+02
3.635465770709212396e+00 5.190130731105740303e+00 7.273251149315320241e+00 1.001971926894534803e+01 1.359194349340509156e+01 1.817583358979160479e+01 2.397845597669074635e+01 3.124029562367173085e+01 4.022646497406403654e+01 5.120544520619666429e+01 6.453886845605370581e+01 8.049092917632282251e+01 9.957867799690072275e+01 1.220703166345938513e+02 1.484528209985476224e+02 1.785496482250170516e+02 2.113529864232392015e+02 2.434500280772227825e+02 2.709150611033805376e+02 2.952764154100715928e+02 3.128991260272567843e+02 3.177138578717822384e+02 3.069180889115821174e+02 2.778102178659249830e+02
3.718832941935382053e+00 5.322263052291421381e+00 7.470633558902716409e+00 1.031857511292227869e+01 1.402348987574619166e+01 1.880046892151076676e+01 2.485724482928542045e+01 3.246751127815098670e+01 4.189984946906699292e+01 5.346904630826773541e+01 6.749147375445637920e+01 8.437724258461358318e+01 1.044947610349045277e+02 1.284240646944051889e+02 1.563876701419809478e+02 1.887967413599105555e+02 2.248209896631512663e+02 2.622718227343356716e+02 2.956944284509496583e+02 3.246646264145084047e+02 3.488403958962170464e+02 3.611129998254965585e+02 3.567857855685629147e+02 3.330895661484451580e+02
3.795184047970536767e+00 5.440825132892904037e+00 7.651018351076444901e+00 1.058553716336392725e+01 1.441615463754729731e+01 1.936049809426504353e+01 2.565562918377319335e+01 3.357597659208600049e+01 4.341456183109628597e+01 5.551892393349533705e+01 7.020299874968300458e+01 8.795457531558702158e+01 1.090829402776040098e+02 1.342531366959040326e+02 1.637180034650855021e+02 1.980790888987588119e+02 2.368880766567500586e+02 2.786501768003072925e+02 3.183991727713587920e+02 3.522402234946650310e+02 3.818365925496262321e+02 4.014111285218838816e+02 4.038531774721025727e+02 3.864831454939915716e+02
3.863624830822349754e+00 5.545596091089130653e+00 7.812018785136857879e+00 1.082187349005506505e+01 1.476900056843725295e+01 1.986743313409698786e+01 2.637750941786651282e+01 3.457663663012190369e+01 4.479714095087579295e+01 5.739398779392734440e+01 7.271053571756068834e+01 9.127460785789899944e+01 1.134323947608950789e+02 1.396473081459386378e+02 1.705673517810108706e+02 2.066672467253801244e+02 2.479561718015163478e+02 2.932270347647090034e+02 3.387491383709538582e+02 3.781080010410382215e+02 4.123168853862213723e+02 4.388924952233067529e+02 4.485151876217713607e+02 4.373797017494561601e+02
3.986235219947890318e+00 5.732502574582211352e+00 8.099863320379521170e+00 1.124939562500494894e+01 1.539770066726999787e+01 2.077032642955414232e+01 2.766002907550459966e+01 3.637585699727577548e+01 4.727910777995496261e+01 6.074240964632618045e+01 7.722949083221070055e+01 9.713427743300019301e+01 1.210724685626173311e+02 1.494405525600697899e+02 1.830948488861152157e+02 2.222694521016317424e+02 2.678002985495933785e+02 3.188966768957166664e+02 3.734608522135496287e+02 4.251900036220302468e+02 4.686787551436839863e+02 5.063980255570863278e+02 5.307206626039552475e+02 5.322702589555240138e+02
4.134766770639589417e+00 5.964291099359079418e+00 8.449982118226381900e+00 1.178072719669836310e+01 1.617278184270412567e+01 2.190316875252511863e+01 2.927849049802498271e+01 3.864847823779767566e+01 5.043336635182056682e+01 6.504244139888214704e+01 8.303364085384696125e+01 1.048209252815556738e+02 1.311068827582195127e+02 1.624137110015640246e+02 1.994792333719187525e+02 2.429909873760884409e+02 2.935939178578529436e+02 3.516673687633232248e+02 4.162854256762726664e+02 4.832727510499545360e+02 5.446120765232612939e+02 5.956382187168009068e+02 6.391930296481287996e+02 6.616727429475287181e+02
4.330649304240108854e+00 6.271411275220591719e+00 8.918840552836179825e+00 1.248123811006979800e+01 1.721306148173810513e+01 2.341119287042929287e+01 3.143699889554063631e+01 4.169821549389540394e+01 5.466207213355677652e+01 7.088818762864735845e+01 9.089807970180399366e+01 1.154120753627953349e+02 1.449748245208076298e+02 1.804727097195733165e+02 2.225614030160395771e+02 2.722448041031216803e+02 3.302547789832843819e+02 3.975049721078264611e+02 4.742185172814584462e+02 5.590958940911813215e+02 6.465918721896475745e+02 7.262505672458880781e+02 7.921064281894165333e+02 8.472793455134878968e+02
4.613338208296657861e+00 6.711405233129563719e+00 9.593988979391602001e+00 1.350013486028413467e+01 1.872462625401485070e+01 2.562366482609341034e+01 3.462450145551849090e+01 4.622178722802406980e+01 6.102003951454162234e+01 7.963897453816424843e+01 1.028925572107902724e+02 1.314775525923346891e+02 1.664404101712659383e+02 2.085720838387078118e+02 2.589959644433275798e+02 3.187089368130303910e+02 3.889579072863456872e+02 4.707585780064160872e+02 5.655708897821782557e+02 6.735590431233122217e+02 7.945943072799365154e+02 9.221233865538215468e+02 1.044748587641384802e+03 1.145895829627298554e+03
4.978155475108519745e+00 7.281909511161601678e+00 1.047718858054012081e+01 1.483560036731099530e+01 2.071677109685201046e+01 2.855355351561271959e+01 3.885939737555005280e+01 5.229010837943214796e+01 6.956192811835698819e+01 9.155939689344441490e+01 1.192649181011657333e+02 1.537803347200242285e+02 1.963936781752292120e+02 2.483097550361436561e+02 3.111168416137975896e+02 3.861822774664731242e+02 4.751973662764515893e+02 5.798766701848961702e+02 7.016740150895732313e+02 8.428453039526892780e+02 1.004394027537355555e+03 1.186841659634541656e+03 1.386755198024256970e+03 1.592675848108807941e+03
5.488546790855091118e+00 8.086134660513579320e+00 1.172232798546399835e+01 1.673504860123033566e+01 2.356590369573406107e+01 3.277121239237100525e+01 4.501458981182466346e+01 6.116264759650840688e+01 8.218178485152613177e+01 1.093204764201303760e+02 1.439311181166156359e+02 1.876677162705752551e+02 2.424088253690214572e+02 3.101972789825760515e+02 3.933225445494315977e+02 4.942355144035579997e+02 6.155203431230072511e+02 7.600981271781253099e+02 9.304580371417129072e+02 1.130186162696954170e+03 1.361297039136285321e+03 1.627845235814979787e+03 1.931212242220216694e+03 2.273072375680123059e+03
