0.000000000000000000e+00 0.000000000000000000e+00 0.000000000000000000e+00 0.000000000000000000e+00 0.000000000000000000e+00 0.000000000000000000e+00 0.000000000000000000e+00 0.000000000000000000e+00 0.000000000000000000e+00 0.000000000000000000e+00 0.000000000000000000e+00 0.000000000000000000e+00 0.000000000000000000e+00 0.000000000000000000e+00 0.000000000000000000e+00
3.729439361099776140e-01 1.930624567898870381e-01 8.568830604196685241e-02 3.233013340155258680e-02 9.590259192022188364e-03 1.894015785195697719e-03 2.380783852705602394e-04 2.135952951166636274e-05 0.000000000000000000e+00 0.000000000000000000e+00 0.000000000000000000e+00 0.000000000000000000e+00 0.000000000000000000e+00 0.000000000000000000e+00 0.000000000000000000e+00
6.237214470642618025e-01 3.714511448572772045e-01 1.954035296289249046e-01 8.902376081498879212e-02 3.505345005752094623e-02 1.129262570378172098e-02 2.633436378563815995e-03 3.827222279831826788e-04 3.854291219511374740e-05 0.000000000000000000e+00 0.000000000000000000e+00 0.000000000000000000e+00 0.000000000000000000e+00 0.000000000000000000e+00 0.000000000000000000e+00
8.302963239507240578e-01 5.453436412768553065e-01 3.177629450532463706e-01 1.636368705276392277e-01 7.342960456273697756e-02 2.841487424167814940e-02 8.954572816247955563e-03 2.036956043656294648e-03 3.004472791428568516e-04 2.483050585826826251e-05 0.000000000000000000e+00 0.000000000000000000e+00 0.000000000000000000e+00 0.000000000000000000e+00 0.000000000000000000e+00
1.224872532872371522e+00 9.084076202315943815e-01 6.139769836741985065e-01 3.716279749171553237e-01 2.003656486551090299e-01 9.514077610739384017e-02 3.914414229314346072e-02 1.372875566015378281e-02 3.711560196320284714e-03 7.207169743811913352e-04 9.881245198045686114e-05 0.000000000000000000e+00 0.000000000000000000e+00 0.000000000000000000e+00 0.000000000000000000e+00
1.512602168761724819e+00 1.194741206471664707e+00 8.744083403530377163e-01 5.855955886458329429e-01 3.525686416264993683e-01 1.894301494674407726e-01 8.955597336319862101e-02 3.675286287153958081e-02 1.290680858335480422e-02 3.524900999785913862e-03 7.218015642590678519e-04 1.175752063502728725e-04 0.000000000000000000e+00 0.000000000000000000e+00 0.000000000000000000e+00
1.729524043491027507e+00 1.424548524460545806e+00 1.096315109954859590e+00 7.829051425387674179e-01 5.103719263884129997e-01 2.983403466015761007e-01 1.555987764043308408e-01 7.108285887767284983e-02 2.825802456768534629e-02 9.413834794713967641e-03 2.442821747653428719e-03 5.042749948740158283e-04 8.027181100202651230e-05 0.000000000000000000e+00 0.000000000000000000e+00
1.902637114208576730e+00 1.612888890747950832e+00 1.287654572689779231e+00 9.601440171806688850e-01 6.616636612009575424e-01 4.136395929189100040e-01 2.312047569764236754e-01 1.149655304353907476e-01 4.971587032648131649e-02 1.866647393247429856e-02 5.725537565838592288e-03 1.369012943421071696e-03 2.930409458443153587e-04 2.712174786868283506e-05 0.000000000000000000e+00
2.161060265104214562e+00 1.904174932866725678e+00 1.595226335106039395e+00 1.262988757316366728e+00 9.350836622656633068e-01 6.403375653515821497e-01 3.979454691337038219e-01 2.212396195287107958e-01 1.094513552740500884e-01 4.720824187764025015e-02 1.771403593653752065e-02 5.411673533829471604e-03 1.332442813237360354e-03 3.110032347712267278e-04 3.248568138979594398e-05
2.375327579036142556e+00 2.121115498740172356e+00 1.834060691494818096e+00 1.507822882869126913e+00 1.170696108858999551e+00 8.482468640080845779e-01 5.667891703851200003e-01 3.420481438194724610e-01 1.850132376903272369e-01 8.835535031064693789e-02 3.693043498822544402e-02 1.325522497955774689e-02 3.867755546532934859e-03 9.348463505942341189e-04 2.622867321394152583e-04
2.566491413880508610e+00 2.300589677571225788e+00 2.024606516598470130e+00 1.710173376040369897e+00 1.372243871868791043e+00 1.035629536379873095e+00 7.264981176599621948e-01 4.674513170134849682e-01 2.698268626150601701e-01 1.395171575139801390e-01 6.326182782904375690e-02 2.505356445866775347e-02 8.372666865512568696e-03 2.282786561580815460e-03 7.063137475636818274e-04
2.701941040149386630e+00 2.466689572693665955e+00 2.180987141009846475e+00 1.880763022230703907e+00 1.545890236633636894e+00 1.203967220999642596e+00 8.761636964069133837e-01 5.906131771097844485e-01 3.603448400612956903e-01 1.974366369361075513e-01 9.594571164544379860e-02 4.083626267589952202e-02 1.501229537647968092e-02 4.586184777177490859e-03 1.538184894311218562e-03
2.789541332239242166e+00 2.614698350383187542e+00 2.321202807659832779e+00 2.025673444882518659e+00 1.698427915187161075e+00 1.353197507661282328e+00 1.015119016886477876e+00 7.079356154665061851e-01 4.530029911267104414e-01 2.600191535559076561e-01 1.339172153491420270e-01 6.042926992655658219e-02 2.385466538962491626e-02 7.965952721201666198e-03 2.930100824180098887e-03
2.850937191873000653e+00 2.732362478445253373e+00 2.454140175963458681e+00 2.151242487880464349e+00 1.833162866695777993e+00 1.487657711248914438e+00 1.143399968136575628e+00 8.200076668752507292e-01 5.440198557150548453e-01 3.259717780742646953e-01 1.755761468943163595e-01 8.349545625810644855e-02 3.487859176303492736e-02 1.254368578721272443e-02 5.091111022599999723e-03
2.899299456476926107e+00 2.819693911966592470e+00 2.578366240193989078e+00 2.265394053225179505e+00 1.952610972529265521e+00 1.609643852090550942e+00 1.261594686251915620e+00 9.273269150868760358e-01 6.327740632186625858e-01 3.935960517494490607e-01 2.200794584403479859e-01 1.097441083352484054e-01 4.797567511669299095e-02 1.824893053660215855e-02 8.028969631234146934e-03
2.939127562717669839e+00 2.885522705097234741e+00 2.687067278133127957e+00 2.372147510664119885e+00 2.058143884516049127e+00 1.721100580015896941e+00 1.369509831308057590e+00 1.028152423582764818e+00 7.181527075951240624e-01 4.617980455283905439e-01 2.665490561110963608e-01 1.382581807774019844e-01 6.296104287498362206e-02 2.520404791943370651e-02 1.194847478277350113e-02
2.975302854042857437e+00 2.937256184654714275e+00 2.777379486706919920e+00 2.474458984753833413e+00 2.154608491420103356e+00 1.822971167877548204e+00 1.470073302691286665e+00 1.123911785794086793e+00 8.015287239521696749e-01 5.292061384130066770e-01 3.153390378803833105e-01 1.689422582013205554e-01 8.002121463326961059e-02 3.323437361157114550e-02 1.686814809815862307e-02
3.011208549581799065e+00 2.983915464892921143e+00 2.855083693600297678e+00 2.573312066705499834e+00 2.245739304034958472e+00 1.915711391080541448e+00 1.565158416946706765e+00 1.212896676730258250e+00 8.827374563149604780e-01 5.946406105962859234e-01 3.650527850363588511e-01 2.008601240715128522e-01 9.899427003742741760e-02 4.249580935646158492e-02 2.299533315298216835e-02
3.042863491442450830e+00 3.026315377652222249e+00 2.916761755427926150e+00 2.665892473637140103e+00 2.330389853753770169e+00 2.003244574598788130e+00 1.652388421744068303e+00 1.298304611143485277e+00 9.589546029802917815e-01 6.595229893212529726e-01 4.149531702542129108e-01 2.349727482900599851e-01 1.188643973418132549e-01 5.289330320453916601e-02 3.005557958892132384e-02
3.074737153444345505e+00 3.064185295922958741e+00 2.969953918259364389e+00 2.749534188507620325e+00 2.413598033969886814e+00 2.084245564182269472e+00 1.735639157461631443e+00 1.378442086805097500e+00 1.033230010169191360e+00 7.229157652857099992e-01 4.648083401033696882e-01 2.698858950276425972e-01 1.401709044887332889e-01 6.448075504931513602e-02 3.850383282623813519e-02
3.103688724344010552e+00 3.098768664715299437e+00 3.017182674346803761e+00 2.821501514712683178e+00 2.494671829832636245e+00 2.157846422112793761e+00 1.813784634762856340e+00 1.454121997260661159e+00 1.105325513044035590e+00 7.842261605782455680e-01 5.150119915563081685e-01 3.054101426963385379e-01 1.629721923080781065e-01 7.687840124786142482e-02 4.812175925683415123e-02
3.162823277304262160e+00 3.164065328940823818e+00 3.099063740348531493e+00 2.941691732312401886e+00 2.648152863141768343e+00 2.297038259325108633e+00 1.956404376716109450e+00 1.595266558767715726e+00 1.239229259406627204e+00 9.030814151853859828e-01 6.126246375672369515e-01 3.786738463220887807e-01 2.108902364634496485e-01 1.045983645579159904e-01 7.098780986457790820e-02
3.219872767884927267e+00 3.225448152309842165e+00 3.170133323821232807e+00 3.036213187437506456e+00 2.784131486184325155e+00 2.429035039268178320e+00 2.084622853075668303e+00 1.724770885010190824e+00 1.362268546657593005e+00 1.015823152443006139e+00 7.069966924622037574e-01 4.525354332943586355e-01 2.615196634268136533e-01 1.352991682487407199e-01 9.877757557018324031e-02
3.274168263444970250e+00 3.283927481547147753e+00 3.233636388281334373e+00 3.116810382107280564e+00 2.899333037851098194e+00 2.555721432407687566e+00 2.198595122642354571e+00 1.843593545145276957e+00 1.476042357188023679e+00 1.122650329770940258e+00 7.978462569436074459e-01 5.260495550465763559e-01 3.139468990145858340e-01 1.687204098462577462e-01 1.311595769500251696e-01
3.328179031822505074e+00 3.338924270999374055e+00 3.293541744442121111e+00 3.188049321871356145e+00 2.994602315836114137e+00 2.674483909710258178e+00 2.306395705153706288e+00 1.952778720107554156e+00 1.582680892056558042e+00 1.222370063531915241e+00 8.861322453337334704e-01 5.980296826280089295e-01 3.678667591196265740e-01 2.040255625165255937e-01 1.685989485593080983e-01
3.379886843322994494e+00 3.389875209302519732e+00 3.348516729887771604e+00 3.247740133294458431e+00 3.074422669019273968e+00 2.782235948709727236e+00 2.410055656428889304e+00 2.050780524549034478e+00 1.683115363443721479e+00 1.315875435226013579e+00 9.718269393834996217e-01 6.681152082242941548e-01 4.230495376941843522e-01 2.408054678044106722e-01 2.103978013652066104e-01
3.427927168975768879e+00 3.440807488671656866e+00 3.400615999949694324e+00 3.306577455737350846e+00 3.145046727015480492e+00 2.880963561502256631e+00 2.508742906671068695e+00 2.143889323233797217e+00 1.775730072467422094e+00 1.405239322945173841e+00 1.053046270556883490e+00 7.377222345798719605e-01 4.768771244203395265e-01 2.789887824585665643e-01 2.557995317509373367e-01
3.472767736282179829e+00 3.489056015227677499e+00 3.448304086574556671e+00 3.358871994774062397e+00 3.207046389761166960e+00 2.965960035370148518e+00 2.604633185077543711e+00 2.231362044937103661e+00 1.863448632555994466e+00 1.490084772075650932e+00 1.130951879542998917e+00 8.052517929985935075e-01 5.307125847087683645e-01 3.184030975825510312e-01 3.054506599217935436e-01
3.540121414183701631e+00 3.559145128765452082e+00 3.521730289955638860e+00 3.434916032619603321e+00 3.293250518331233945e+00 3.074447786972268837e+00 2.741005486309193273e+00 2.353909227980969909e+00 1.985928611547256972e+00 1.608358371333741710e+00 1.242052689328185355e+00 9.021309613583953224e-01 6.107599866545860845e-01 3.779683803819579579e-01 3.864040914062594756e-01
3.603921648322058857e+00 3.625106743402310983e+00 3.588983152117589004e+00 3.503646876114853814e+00 3.369676034887257643e+00 3.167379187494295589e+00 2.863536566758084767e+00 2.470833322870094495e+00 2.097474038790370976e+00 1.718327899879724674e+00 1.346228099507158715e+00 9.956700882209885695e-01 6.886970680343659224e-01 4.382127736141730456e-01 4.744697788856344078e-01
3.681804070764226111e+00 3.707017040048952161e+00 3.673259917530310226e+00 3.589901476636413680e+00 3.461232353367688752e+00 3.272776690988417947e+00 3.001551850178960201e+00 2.619450442572807347e+00 2.232799769281653024e+00 1.854974443583017107e+00 1.475469002680426023e+00 1.114161984894637802e+00 7.893717886997299038e-01 5.180323599895867437e-01 6.010119195787800850e-01
3.774935759083560161e+00 3.803269237095268096e+00 3.774124292696631855e+00 3.691079188449108095e+00 3.565912170292794059e+00 3.389461327832381521e+00 3.145243656584612246e+00 2.793470261216184358e+00 2.391631076238245335e+00 2.009060233084142943e+00 1.624848483265223020e+00 1.252513603815565313e+00 9.108155494964512711e-01 6.164913834500351797e-01 7.719894869915675528e-01
3.859780418179675543e+00 3.894085760000782770e+00 3.867168633372892739e+00 3.786059801466470809e+00 3.661416053745273569e+00 3.492036317256669076e+00 3.263270863645054476e+00 2.944541901338649126e+00 2.538260864071178347e+00 2.147351182820107063e+00 1.761296044458320331e+00 1.380353830893710221e+00 1.025663499506634713e+00 7.124367259650858930e-01 9.527384639889122653e-01
3.939725715057662558e+00 3.979357609608034085e+00 3.953583485789244900e+00 3.875390020449700046e+00 3.748658288536842242e+00 3.584193973130644473e+00 3.365652608123168577e+00 3.074455810601268269e+00 2.679162151370852119e+00 2.274626694675963900e+00 1.885600047847329819e+00 1.500085083240793926e+00 1.133815684382191158e+00 8.057509532417981291e-01 1.142001947619643687e+00
4.016051909151781452e+00 4.061352159779848314e+00 4.037981366659360027e+00 3.961131905921962293e+00 3.834456599605585492e+00 3.670647260188317329e+00 3.459141434577795327e+00 3.184914841148510423e+00 2.811397567296548772e+00 2.394884606936152238e+00 2.002052192567634226e+00 1.611646272561128690e+00 1.236012784054492775e+00 8.951642104098775921e-01 1.336176949618076870e+00
4.087090241849643313e+00 4.136851248722909880e+00 4.117453475588356504e+00 4.039526234240046421e+00 3.915790444090364364e+00 3.750040580373223964e+00 3.545543003395180026e+00 3.282195209556580284e+00 2.932927960358888253e+00 2.508792713531231122e+00 2.110598047228744889e+00 1.715235284648928271e+00 1.334256754918005994e+00 9.812168939118958155e-01 1.534518241747438339e+00
4.153060361879589379e+00 4.209484609180545789e+00 4.190926110478794264e+00 4.117497256974198550e+00 3.992166992120605773e+00 3.827982955242351437e+00 3.624553274891587407e+00 3.371195028032446750e+00 3.040429012526395969e+00 2.621889255442902300e+00 2.210506877645423529e+00 1.814709013410105376e+00 1.425782812213700845e+00 1.064851403057352597e+00 1.735222765213505047e+00
4.215859020124509193e+00 4.277547481435693300e+00 4.262937192361504479e+00 4.189799223637384884e+00 4.065557140499013400e+00 3.899971779657873672e+00 3.697856862480493945e+00 3.450389138885410656e+00 3.135231811330599694e+00 2.726734719745424584e+00 2.305556967578072491e+00 1.907645160081153923e+00 1.513664661563147051e+00 1.144787258758918291e+00 1.937268423983081078e+00
4.277557873981378656e+00 4.341777139862035284e+00 4.331132946152698615e+00 4.257701925791788078e+00 4.136145980180032211e+00 3.968842116386526619e+00 3.768292259613463369e+00 3.523409732464432675e+00 3.221108930432502682e+00 2.826785962896845028e+00 2.397862988754665636e+00 1.994923205440519043e+00 1.598523953328505387e+00 1.220854635081606521e+00 2.139021812187925420e+00
4.387710023565380979e+00 4.461224424391266652e+00 4.459713935605425839e+00 4.388667493239809758e+00 4.267789046543924769e+00 4.100239856406241223e+00 3.899022120116376389e+00 3.658756025024757275e+00 3.372694881036700121e+00 3.008394104284267012e+00 2.572984360713010066e+00 2.156337555280765095e+00 1.755190977042440759e+00 1.365283703156866535e+00 2.542798009397118975e+00
4.493045413331531179e+00 4.573774204642024444e+00 4.578926854691935944e+00 4.513389190091985803e+00 4.391541022537681194e+00 4.224161129932874736e+00 4.020231504707511228e+00 3.783138180422412677e+00 3.504869538864955558e+00 3.163661417101640616e+00 2.737884136780309063e+00 2.304732961078731268e+00 1.898384341595352520e+00 1.499798109277435954e+00 2.942548784551314967e+00
4.587918658980342457e+00 4.679270974416006368e+00 4.688456551091649160e+00 4.629916716161683432e+00 4.507111851206754061e+00 4.341452422289201252e+00 4.133507693422489027e+00 3.897577390804291220e+00 3.622082065016236641e+00 3.298487890690966928e+00 2.891058997023217891e+00 2.445232064296973817e+00 2.029444771827742855e+00 1.625716993587093873e+00 3.331710924857130163e+00
4.673391536076511699e+00 4.773170784419867196e+00 4.788967914705957618e+00 4.734994525880615868e+00 4.614406672644435936e+00 4.447827118235242239e+00 4.238762394514648868e+00 4.001850416098442942e+00 3.729982601554254540e+00 3.414539817598032823e+00 3.027575773332123354e+00 2.578145069674422807e+00 2.151111670171225398e+00 1.742770945300619045e+00 3.714322740721314631e+00
4.757214178758708556e+00 4.864260324944953418e+00 4.887537822973355262e+00 4.835797339414707352e+00 4.720868026564732034e+00 4.551346010871867520e+00 4.343006641816502089e+00 4.099939157877827256e+00 3.832302657613756658e+00 3.521239570619727477e+00 3.152654155454303275e+00 2.703835288260533876e+00 2.266061886547135806e+00 1.851844329011067991e+00 4.085815800878897619e+00
4.905968443596825601e+00 5.031398434186842294e+00 5.065733113100630014e+00 5.022691061548059999e+00 4.910673900173206263e+00 4.743009777303739405e+00 4.531215349041914919e+00 4.285416508166749239e+00 4.012004926292499718e+00 3.709530861619334097e+00 3.360734318870755910e+00 2.940153813031061159e+00 2.478334211553789856e+00 2.053699629072490929e+00 4.799082715458958148e+00
5.038887246197115033e+00 5.178944087521022865e+00 5.225439461547267683e+00 5.191455777486599921e+00 5.086101477627077649e+00 4.920126785788848878e+00 4.704955250903740449e+00 4.457014810595794962e+00 4.177895151511756389e+00 3.877432381427604824e+00 3.536885168683716163e+00 3.142005777620883400e+00 2.677417994034852367e+00 2.233868446997222978e+00 5.470199357081862779e+00
5.221873478360856247e+00 5.376210592507892905e+00 5.441612004465232744e+00 5.418273875292697994e+00 5.322128686319874902e+00 5.159531711790310560e+00 4.945371115359244563e+00 4.689839252465827890e+00 4.405847852984519974e+00 4.098960285506228374e+00 3.766153408058462659e+00 3.390778622817653964e+00 2.951652143067236000e+00 2.478539896186547242e+00 6.407192553335916863e+00
5.467510775318050520e+00 5.654318074051988496e+00 5.742039398958651120e+00 5.742597055663053673e+00 5.658844881042194963e+00 5.505050596116991102e+00 5.290444126448323736e+00 5.030573705163360998e+00 4.737171325925017662e+00 4.419826123040675903e+00 4.083074810031527058e+00 3.720957515372103952e+00 3.315843188321286217e+00 2.848662173545867482e+00 7.803224126982933662e+00
5.678019682985270933e+00 5.891290171287481670e+00 6.000597936861153059e+00 6.019112684405949487e+00 5.949530301532336196e+00 5.803710007717580055e+00 5.592766336388870663e+00 5.330442254757742582e+00 5.029375006109868984e+00 4.701646470987353332e+00 4.353840573480283638e+00 3.991849038607492961e+00 3.599274633516686084e+00 3.161046973007437977e+00 9.043374838934031601e+00
6.019224409195068404e+00 6.269865628706507543e+00 6.422438525183216562e+00 6.471748265365946828e+00 6.430143955644855858e+00 6.302115255531602678e+00 6.101526609234084297e+00 5.838826245662099623e+00 5.529191677694833551e+00 5.185076750558337721e+00 4.819615871606590218e+00 4.438299251522583866e+00 4.047311755983454162e+00 3.630912846423511198e+00 1.117317814022675471e+01
6.289322806762860374e+00 6.577010294655930345e+00 6.759871516453180185e+00 6.841160545151220518e+00 6.821577555104494373e+00 6.712601170417295648e+00 6.521363572781658569e+00 6.262209819689658730e+00 5.949145505855145899e+00 5.594045644740649692e+00 5.214113407624386909e+00 4.816224635366225471e+00 4.410505154190997423e+00 3.993740873075779518e+00 1.293757878716589182e+01
6.513375192524532231e+00 6.833002351833887822e+00 7.042187619482849215e+00 7.149909591466641068e+00 7.152769020278294754e+00 7.060889068128480162e+00 6.882136134339371658e+00 6.628889862430351165e+00 6.313992794862919311e+00 5.954219453360541259e+00 5.559336287235974616e+00 5.149324915312655015e+00 4.724408538660826551e+00 4.298979722471812259e+00 1.443853312030403302e+01
6.708130072294281376e+00 7.052365181598264421e+00 7.288385304941926712e+00 7.416630231720549027e+00 7.439949246828244434e+00 7.362569343895421170e+00 7.195294832667570084e+00 6.949767475905693992e+00 6.635678904806205480e+00 6.273308658434250340e+00 5.868418558462296986e+00 5.445319590198873350e+00 5.006812901338248523e+00 4.566957129347565036e+00 1.574474994898458213e+01
6.878570914428336458e+00 7.243387944763757247e+00 7.505214108203619894e+00 7.651735061548853523e+00 7.695080149778362077e+00 7.631998479128260016e+00 7.477497376395846551e+00 7.238368314084403288e+00 6.928645901799560747e+00 6.559905265778388284e+00 6.151476939871035832e+00 5.713881109049511409e+00 5.267133915286020596e+00 4.810791208883636649e+00 1.691176362678388401e+01
7.031364682908445296e+00 7.418027696880680644e+00 7.699001044855338982e+00 7.865687393823461271e+00 7.923955679338043012e+00 7.876655066559997032e+00 7.732465517346355455e+00 7.499616193523821472e+00 7.193962381222732461e+00 6.823149600377509394e+00 6.411996255536983824e+00 5.964596040867548687e+00 5.505978265457950549e+00 5.036103672008089838e+00 1.796745807506114545e+01
7.166513090696859933e+00 7.573880088462562554e+00 7.870649837563762574e+00 8.057777538509297344e+00 8.131127799392023903e+00 8.097919427124098846e+00 7.962600738719159743e+00 7.738124454518550799e+00 7.436626736162869733e+00 7.066599436790045097e+00 6.653469964083817523e+00 6.202577514268996950e+00 5.727058479772848543e+00 5.246623906666181725e+00 1.893131469650773013e+01
7.407686809465017674e+00 7.852297161666998093e+00 8.181052622986610956e+00 8.400159544566053071e+00 8.500102798536776305e+00 8.491035562425894412e+00 8.376232371900599105e+00 8.166325477924990750e+00 7.869728067170334462e+00 7.505314101194941578e+00 7.080356823945983535e+00 6.619616773836166423e+00 6.128287570554022956e+00 5.631649104790107607e+00 2.064567688278511071e+01
7.706773896467416840e+00 8.191091614886939709e+00 8.566772919101074635e+00 8.822346827119343260e+00 8.962710591392919923e+00 8.987147095224385041e+00 8.898668556474992997e+00 8.710397647238488972e+00 8.426096460358422746e+00 8.068545641596825746e+00 7.640076417365250450e+00 7.167556994572238160e+00 6.659864777689818105e+00 6.135184923032581672e+00 2.283178738852451062e+01
8.102678093680307114e+00 8.644925212654127833e+00 9.075247365171021485e+00 9.388806388490731791e+00 9.578910788026780310e+00 9.648487059510458153e+00 9.599906887193373706e+00 9.439466861745517079e+00 9.182399958370345061e+00 8.831666503648717637e+00 8.410980381133413175e+00 7.924861360513359543e+00 7.399566173016806303e+00 6.844426294880959993e+00 2.584868878600626729e+01
8.670315713041306438e+00 9.298059960637935717e+00 9.814808009883986273e+00 1.021182510447304104e+01 1.048250605258899348e+01 1.062529513279312532e+01 1.063948299911924167e+01 1.053584575579114890e+01 1.031407540297035652e+01 9.995387273820613316e+00 9.580189872720145772e+00 9.096637197408272257e+00 8.550306744417385474e+00 7.963660476481164707e+00 3.060581665688958353e+01
9.405908638190521032e+00 1.015239733560678737e+01 1.078409211154370517e+01 1.129632193684888186e+01 1.167932986589534039e+01 1.192262348439784247e+01 1.203414802906120684e+01 1.200830337698418404e+01 1.185556235874649289e+01 1.158353828122096729e+01 1.120291765452976485e+01 1.073147948804859908e+01 1.017719724202977716e+01 9.564159927557385643e+00 3.762234720504743990e+01
1.044286308388407036e+01 1.135680928709336257e+01 1.216238934093941282e+01 1.284725242439053972e+01 1.340156848834851644e+01 1.380800280033605176e+01 1.407275677070453845e+01 1.418335898431517172e+01 1.415173394194842160e+01 1.397557365141708274e+01 1.366794235395097346e+01 1.324213217549139365e+01 1.271001069650318627e+01 1.208779737131592746e+01 4.918726442503322005e+01
