0.000000000000000000e+00 0.000000000000000000e+00 0.000000000000000000e+00 0.000000000000000000e+00 0.000000000000000000e+00 0.000000000000000000e+00 0.000000000000000000e+00 0.000000000000000000e+00 0.000000000000000000e+00 0.000000000000000000e+00 0.000000000000000000e+00 0.000000000000000000e+00 0.000000000000000000e+00 0.000000000000000000e+00 0.000000000000000000e+00
0.000000000000000000e+00 0.000000000000000000e+00 0.000000000000000000e+00 0.000000000000000000e+00 0.000000000000000000e+00 0.000000000000000000e+00 0.000000000000000000e+00 0.000000000000000000e+00 0.000000000000000000e+00 0.000000000000000000e+00 0.000000000000000000e+00 0.000000000000000000e+00 0.000000000000000000e+00 0.000000000000000000e+00 0.000000000000000000e+00
0.000000000000000000e+00 0.000000000000000000e+00 0.000000000000000000e+00 0.000000000000000000e+00 0.000000000000000000e+00 0.000000000000000000e+00 0.000000000000000000e+00 0.000000000000000000e+00 0.000000000000000000e+00 0.000000000000000000e+00 0.000000000000000000e+00 0.000000000000000000e+00 0.000000000000000000e+00 0.000000000000000000e+00 0.000000000000000000e+00
0.000000000000000000e+00 0.000000000000000000e+00 0.000000000000000000e+00 0.000000000000000000e+00 0.000000000000000000e+00 0.000000000000000000e+00 0.000000000000000000e+00 0.000000000000000000e+00 0.000000000000000000e+00 0.000000000000000000e+00 0.000000000000000000e+00 0.000000000000000000e+00 0.000000000000000000e+00 0.000000000000000000e+00 0.000000000000000000e+00
0.000000000000000000e+00 0.000000000000000000e+00 0.000000000000000000e+00 0.000000000000000000e+00 0.000000000000000000e+00 0.000000000000000000e+00 0.000000000000000000e+00 0.000000000000000000e+00 0.000000000000000000e+00 0.000000000000000000e+00 0.000000000000000000e+00 0.000000000000000000e+00 0.000000000000000000e+00 0.000000000000000000e+00 0.000000000000000000e+00
0.000000000000000000e+00 0.000000000000000000e+00 0.000000000000000000e+00 0.000000000000000000e+00 0.000000000000000000e+00 0.000000000000000000e+00 0.000000000000000000e+00 0.000000000000000000e+00 0.000000000000000000e+00 0.000000000000000000e+00 0.000000000000000000e+00 0.000000000000000000e+00 0.000000000000000000e+00 0.000000000000000000e+00 0.000000000000000000e+00
0.000000000000000000e+00 0.000000000000000000e+00 0.000000000000000000e+00 0.000000000000000000e+00 0.000000000000000000e+00 0.000000000000000000e+00 0.000000000000000000e+00 0.000000000000000000e+00 0.000000000000000000e+00 0.000000000000000000e+00 0.000000000000000000e+00 0.000000000000000000e+00 0.000000000000000000e+00 0.000000000000000000e+00 0.000000000000000000e+00
0.000000000000000000e+00 0.000000000000000000e+00 0.000000000000000000e+00 0.000000000000000000e+00 0.000000000000000000e+00 0.000000000000000000e+00 0.000000000000000000e+00 0.000000000000000000e+00 0.000000000000000000e+00 0.000000000000000000e+00 0.000000000000000000e+00 0.000000000000000000e+00 0.000000000000000000e+00 0.000000000000000000e+00 0.000000000000000000e+00
0.000000000000000000e+00 0.000000000000000000e+00 0.000000000000000000e+00 0.000000000000000000e+00 0.000000000000000000e+00 0.000000000000000000e+00 0.000000000000000000e+00 0.000000000000000000e+00 0.000000000000000000e+00 0.000000000000000000e+00 0.000000000000000000e+00 0.000000000000000000e+00 0.000000000000000000e+00 0.000000000000000000e+00 0.000000000000000000e+00
0.000000000000000000e+00 0.000000000000000000e+00 0.000000000000000000e+00 0.000000000000000000e+00 0.000000000000000000e+00 0.000000000000000000e+00 0.000000000000000000e+00 0.000000000000000000e+00 0.000000000000000000e+00 0.000000000000000000e+00 0.000000000000000000e+00 0.000000000000000000e+00 0.000000000000000000e+00 0.000000000000000000e+00 0.000000000000000000e+00
0.000000000000000000e+00 0.000000000000000000e+00 0.000000000000000000e+00 0.000000000000000000e+00 0.000000000000000000e+00 0.000000000000000000e+00 0.000000000000000000e+00 0.000000000000000000e+00 0.000000000000000000e+00 0.000000000000000000e+00 0.000000000000000000e+00 0.000000000000000000e+00 0.000000000000000000e+00 0.000000000000000000e+00 0.000000000000000000e+00
0.000000000000000000e+00 0.000000000000000000e+00 0.000000000000000000e+00 0.000000000000000000e+00 0.000000000000000000e+00 0.000000000000000000e+00 0.000000000000000000e+00 0.000000000000000000e+00 0.000000000000000000e+00 0.000000000000000000e+00 0.000000000000000000e+00 0.000000000000000000e+00 0.000000000000000000e+00 0.000000000000000000e+00 0.000000000000000000e+00
0.000000000000000000e+00 0.000000000000000000e+00 0.000000000000000000e+00 0.000000000000000000e+00 0.000000000000000000e+00 0.000000000000000000e+00 0.000000000000000000e+00 0.000000000000000000e+00 0.000000000000000000e+00 0.000000000000000000e+00 0.000000000000000000e+00 0.000000000000000000e+00 0.000000000000000000e+00 0.000000000000000000e+00 0.000000000000000000e+00
0.000000000000000000e+00 0.000000000000000000e+00 0.000000000000000000e+00 0.000000000000000000e+00 0.000000000000000000e+00 0.000000000000000000e+00 0.000000000000000000e+00 0.000000000000000000e+00 0.000000000000000000e+00 0.000000000000000000e+00 0.000000000000000000e+00 0.000000000000000000e+00 0.000000000000000000e+00 0.000000000000000000e+00 0.000000000000000000e+00
0.000000000000000000e+00 0.000000000000000000e+00 0.000000000000000000e+00 0.000000000000000000e+00 0.000000000000000000e+00 0.000000000000000000e+00 0.000000000000000000e+00 0.000000000000000000e+00 0.000000000000000000e+00 0.000000000000000000e+00 0.000000000000000000e+00 0.000000000000000000e+00 0.000000000000000000e+00 0.000000000000000000e+00 0.000000000000000000e+00
0.000000000000000000e+00 0.000000000000000000e+00 0.000000000000000000e+00 0.000000000000000000e+00 0.000000000000000000e+00 0.000000000000000000e+00 0.000000000000000000e+00 0.000000000000000000e+00 0.000000000000000000e+00 0.000000000000000000e+00 0.000000000000000000e+00 0.000000000000000000e+00 0.000000000000000000e+00 0.000000000000000000e+00 0.000000000000000000e+00
0.000000000000000000e+00 0.000000000000000000e+00 0.000000000000000000e+00 0.000000000000000000e+00 0.000000000000000000e+00 0.000000000000000000e+00 0.000000000000000000e+00 0.000000000000000000e+00 0.000000000000000000e+00 0.000000000000000000e+00 0.000000000000000000e+00 0.000000000000000000e+00 0.000000000000000000e+00 0.000000000000000000e+00 0.000000000000000000e+00
4.333338514155853360e+00 3.943554951561258903e+00 3.472350114323854431e+00 2.949843884345038081e+00 2.399508222591379081e+00 1.850874831890714889e+00 1.346394011366815358e+00 9.141604376259236941e-01 5.744890013309151833e-01 3.327123526312281143e-01 1.785239506989445002e-01 8.886805289810194297e-02 4.231158999169346013e-02 1.890711563006715681e-02 1.972228183574731286e-02
4.333660730028569219e+00 4.008640495761031985e+00 3.553355608165516433e+00 3.042757579379703703e+00 2.501577703485700077e+00 1.961610161555570553e+00 1.451881655988171982e+00 1.011849188204797079e+00 6.557397899032567645e-01 3.942574991722366251e-01 2.193778515944359297e-01 1.135152827053271113e-01 5.515268191829378330e-02 2.562106061836674428e-02 2.502695183669228010e-02
4.334423132881537022e+00 4.058328197654264002e+00 3.633185337563367145e+00 3.132297781898425004e+00 2.599752654737071289e+00 2.065621941011141161e+00 1.553916103594713105e+00 1.104495445182263058e+00 7.345964160245037622e-01 4.545991313446920423e-01 2.610373257888021770e-01 1.391256661648820891e-01 6.931716091661355161e-02 3.309867201249080265e-02 3.105833269132122348e-02
4.331218939128956613e+00 4.095619701607721375e+00 3.704709771852535027e+00 3.215436864613691714e+00 2.692591532888859440e+00 2.162259084925172381e+00 1.652768540645753514e+00 1.193786228778344949e+00 8.127623967341159883e-01 5.144169353575002157e-01 3.037208444563855858e-01 1.656911179562848835e-01 8.470487275356805568e-02 4.106975024377249039e-02 3.778484228449936755e-02
4.321714235753588262e+00 4.151965775304789830e+00 3.824105751432802069e+00 3.373683478753736420e+00 2.864483682368900386e+00 2.343056537749861779e+00 1.835045638978376470e+00 1.362575737521618535e+00 9.594444644381894260e-01 6.317584387981225458e-01 3.890112226525817007e-01 2.216882814368723031e-01 1.179925842948523346e-01 5.902462626139336893e-02 5.386635383957346507e-02
4.305591693722254476e+00 4.190524072900629449e+00 3.919055590165550829e+00 3.511440534996217000e+00 3.022329426909762695e+00 2.507480362214880465e+00 2.001946507776886097e+00 1.521089272665982817e+00 1.097797049864900121e+00 7.459563493341083706e-01 4.743519591719271289e-01 2.807479959483042964e-01 1.544552996720256755e-01 7.940505966501794355e-02 7.256381218762668339e-02
4.283137805561581857e+00 4.212561721183677221e+00 3.990770347774156956e+00 3.628918963981493384e+00 3.164343597387323292e+00 2.658164417750882524e+00 2.152733209862421671e+00 1.669072135912205157e+00 1.228638436137366341e+00 8.574343840660814120e-01 5.591769949160114717e-01 3.415191611648958347e-01 1.930453524272458810e-01 1.019799649872454028e-01 9.445467590887969556e-02
4.256495163433758222e+00 4.224750788169121307e+00 4.047942482392703489e+00 3.727799768372920042e+00 3.293071099319092809e+00 2.796813326540517064e+00 2.292721404343937230e+00 1.807316821851427502e+00 1.354057096986074127e+00 9.645351531794028599e-01 6.439287993070285099e-01 4.032652470608636408e-01 2.343085820098688987e-01 1.268263066589496724e-01 1.196662769873793747e-01
4.223891856554606861e+00 4.227689069471409766e+00 4.091669012658613269e+00 3.807347271293174185e+00 3.405682757328941879e+00 2.922501389835344465e+00 2.423482603950927405e+00 1.934065144049346596e+00 1.473570127063047241e+00 1.065849471052666253e+00 7.281224114346372955e-01 4.643965662320662657e-01 2.770255418805092629e-01 1.529461338265795667e-01 1.482741122104534737e-01
4.190794934838609542e+00 4.226539096732317091e+00 4.123499744205370021e+00 3.878484063979945162e+00 3.504419275993750915e+00 3.042510694987603959e+00 2.543406441575480681e+00 2.053709960301075110e+00 1.585494090851857552e+00 1.165128814488243014e+00 8.101513054716773521e-01 5.277714676909507352e-01 3.209707081259799422e-01 1.811746703264543457e-01 1.801316515027835685e-01
4.154293106261822466e+00 4.220542033925880787e+00 4.147647420657661677e+00 3.937587049757729663e+00 3.591439110940413570e+00 3.149469353121678861e+00 2.655251564695942257e+00 2.165675873097925752e+00 1.692306262447603959e+00 1.260663424165266333e+00 8.899687661848795228e-01 5.903409535657317964e-01 3.655282480505041565e-01 2.105951247672895321e-01 2.148127812715829865e-01
4.100069875400119912e+00 4.204482661319025816e+00 4.175047608088488182e+00 4.008853412231899505e+00 3.706143417958383868e+00 3.292662050406831575e+00 2.813432658231795447e+00 2.320397424853773760e+00 1.844373472385959944e+00 1.396268609306639652e+00 1.006644560490924212e+00 6.828035327993930981e-01 4.340006689024756836e-01 2.564428769352911086e-01 2.724944714190100092e-01
4.045533484637179988e+00 4.183020987017146197e+00 4.191079544471835838e+00 4.064114245035753470e+00 3.801496263226433303e+00 3.417712456839464785e+00 2.954750447533883495e+00 2.461944103425792729e+00 1.983399987010354915e+00 1.525120077553719478e+00 1.118492528097324801e+00 7.741142651133514629e-01 5.027955361586868843e-01 3.042445912039977718e-01 3.352316395502292767e-01
3.976644920649325510e+00 4.149617578378928862e+00 4.200148106908923040e+00 4.118440619076125131e+00 3.905265404070904722e+00 3.561082539124030166e+00 3.124785866000150847e+00 2.636293439931227667e+00 2.153622200777070006e+00 1.687265725134796224e+00 1.260729887716246722e+00 8.933497038934186119e-01 5.948112965778087347e-01 3.700173281230608180e-01 4.276600424697351022e-01
3.893996768773247297e+00 4.100284731030729546e+00 4.198538025764862347e+00 4.165303665453949478e+00 4.003728319472323882e+00 3.707244619443951450e+00 3.306931794889842458e+00 2.833294400800774326e+00 2.346189224665038875e+00 1.873011391320755781e+00 1.428397667963171580e+00 1.035312498158049488e+00 7.086190064566789681e-01 4.537087749488755706e-01 5.551886818679467872e-01
3.816237405723231557e+00 4.049965404388345291e+00 4.184134420100207308e+00 4.194423304045396428e+00 4.076345094820945647e+00 3.827037517614865880e+00 3.459656715299274765e+00 3.007405783225596263e+00 2.519277978279470087e+00 2.041841567107120614e+00 1.584632661489906891e+00 1.171065360103042075e+00 8.204061967905779129e-01 5.392061829131200579e-01 6.933120823203534622e-01
3.743020979068826470e+00 3.999538738230492108e+00 4.163469670456119154e+00 4.212093369963814560e+00 4.131169064297464999e+00 3.924907245177558845e+00 3.588876746750872204e+00 3.161946958253508466e+00 2.677754000121615352e+00 2.196677138643145177e+00 1.730431104408844956e+00 1.301703995573677108e+00 9.286098417716328601e-01 6.244217841502117672e-01 8.403413305125075894e-01
3.675016544329884116e+00 3.950926338504447077e+00 4.138829860636787927e+00 4.219658508592362800e+00 4.172370194320793146e+00 4.001701639690235623e+00 3.700123393523752302e+00 3.297646652367214326e+00 2.824273187869878132e+00 2.339074309954649600e+00 1.867774613232417558e+00 1.425400966737874864e+00 1.033937140251805387e+00 7.083968954203666568e-01 9.946820262209797869e-01
3.612171611408958150e+00 3.902751434546048337e+00 4.111635925519083301e+00 4.218416167411422890e+00 4.204247986445947660e+00 4.063414502332378220e+00 3.796766149889490016e+00 3.415384731831786258e+00 2.959144906757066984e+00 2.469521346733817513e+00 1.995868617559763525e+00 1.541748574515645398e+00 1.136367147004742950e+00 7.912468527591393075e-01 1.155544473250745829e+00
3.552767575369594866e+00 3.856523765045654084e+00 4.081501221083431830e+00 4.213740452748448995e+00 4.225960687796813886e+00 4.115362150536488350e+00 3.877942703734290397e+00 3.522816837773128817e+00 3.080474063569282883e+00 2.594337834519228725e+00 2.113808666607821962e+00 1.654480201259515448e+00 1.233611349835139315e+00 8.735938641109513014e-01 1.320977246883831668e+00
3.499305528261015930e+00 3.813219159441582295e+00 4.053369998308361311e+00 4.203888436278792717e+00 4.242790832397104417e+00 4.157307468296828290e+00 3.948564418903991680e+00 3.617234531334330594e+00 3.191667772449449547e+00 2.710333484053436326e+00 2.226222791449527172e+00 1.760965533678362060e+00 1.328608140294740281e+00 9.537841375623256068e-01 1.490011518742647922e+00
3.448601204033570955e+00 3.767992682095777646e+00 4.022357812617217476e+00 4.189750995057827332e+00 4.252930625426182054e+00 4.191281348014746833e+00 4.009149435996475219e+00 3.699835365753112004e+00 3.292471524796213966e+00 2.818192701912217935e+00 2.332654367933616246e+00 1.861669282551807525e+00 1.420417757949327342e+00 1.030763460446487700e+00 1.662875329134630098e+00
3.360104119407556933e+00 3.688773971151514175e+00 3.964637966307626105e+00 4.160041613389480197e+00 4.261345982730295745e+00 4.243074066930923927e+00 4.104583968719287768e+00 3.842166894623534557e+00 3.469936880532900947e+00 3.015274160998695940e+00 2.527706869152716251e+00 2.049070363654121429e+00 1.593899744358333814e+00 1.180649144135699657e+00 2.012963920559602826e+00
3.282866270353771210e+00 3.617463755957525340e+00 3.907739664652665201e+00 4.126330665886110971e+00 4.257275636826015841e+00 4.278269209753699620e+00 4.177157786782212057e+00 3.956203934422351409e+00 3.617527186238823855e+00 3.188210875812755418e+00 2.704716364368427772e+00 2.219731220802845240e+00 1.755083175115633498e+00 1.323254291039099639e+00 2.367874177460616458e+00
3.215558965399601288e+00 3.554158301222708261e+00 3.854256417795758338e+00 4.092268135849847610e+00 4.244523954423780054e+00 4.299512134664680296e+00 4.232854108716233910e+00 4.049455983150769711e+00 3.742891251961954602e+00 3.338717140535310435e+00 2.865344632813598746e+00 2.377791639583807459e+00 1.903767071365109143e+00 1.459092976588705515e+00 2.721324800154701240e+00
3.157608705587756859e+00 3.497543226558780471e+00 3.803599145296388873e+00 4.056542292239530667e+00 4.230108241578802719e+00 4.310970061701579148e+00 4.275226988303376885e+00 4.122624474297056807e+00 3.848888443617914046e+00 3.469331917692637823e+00 3.011297303358610566e+00 2.521868329030091171e+00 2.043282116043223073e+00 1.588396099791397065e+00 3.076159075211652105e+00
3.105938031967777846e+00 3.446530508892192479e+00 3.757839564880602001e+00 4.021135285098158541e+00 4.212264312227089746e+00 4.312953648455995825e+00 4.307615912213651477e+00 4.181132088332167207e+00 3.940596509232876077e+00 3.583089394905096814e+00 3.144736647288142173e+00 2.655245604879812316e+00 2.172375406274677179e+00 1.707293180025661661e+00 3.425410626697404037e+00
3.022813113090656145e+00 3.361346273427762821e+00 3.676576717471861766e+00 3.954440209891172842e+00 4.171632321223631479e+00 4.308610130270675853e+00 4.348261001413574078e+00 4.272651337101053493e+00 4.082249606896863448e+00 3.775381166872213257e+00 3.369037879896430443e+00 2.897622029378107644e+00 2.404874318902642027e+00 1.930965915074150052e+00 4.109712918327391939e+00
2.959429537097135299e+00 3.293123508372402863e+00 3.610044069678136403e+00 3.895404339549896733e+00 4.131476544839286724e+00 4.294899286219186152e+00 4.369279826653778898e+00 4.336960788977655135e+00 4.187996731246283133e+00 3.928097007574692601e+00 3.555604920309895611e+00 3.107171889085991623e+00 2.613752216530724759e+00 2.131601122102812162e+00 4.769710126817010121e+00
2.890961927832822909e+00 3.213970282495943742e+00 3.529133569587953989e+00 3.819521358645295628e+00 4.072071789170313316e+00 4.263635750213761177e+00 4.376458791978090623e+00 4.395550895748902676e+00 4.301944858729089383e+00 4.096396299855673995e+00 3.779077110686233087e+00 3.365454316366388365e+00 2.889784832278753157e+00 2.395351231681795756e+00 5.707939068663268500e+00
2.824108762960563901e+00 3.131981756421239549e+00 3.435226277828409724e+00 3.726499275696393276e+00 3.988515238832913479e+00 4.208317204755665841e+00 4.363757051916195451e+00 4.439219173520419837e+00 4.417570041957914029e+00 4.285055249791067666e+00 4.043637652100011692e+00 3.692734484929145466e+00 3.257190956798227344e+00 2.769501764127654919e+00 7.129984873726647798e+00
2.793110726607383576e+00 3.088056039291586785e+00 3.379256149075967386e+00 3.662873158498920922e+00 3.926810324159912824e+00 4.158297805126501601e+00 4.340312011737194275e+00 4.452145031080329218e+00 4.478939909914747552e+00 4.404594060340412121e+00 4.219913544077084744e+00 3.930316068487619496e+00 3.537855172574660756e+00 3.076741084217087696e+00 8.393661382838605078e+00
2.791078901635162701e+00 3.063786228579079562e+00 3.335205241601241433e+00 3.600552677728186435e+00 3.856474030414055232e+00 4.091032097489778252e+00 4.293292142371170961e+00 4.446691512341637953e+00 4.531377912403955932e+00 4.533109936343186597e+00 4.436496835658251037e+00 4.234647498697077239e+00 3.931653879526918693e+00 3.530018527682848184e+00 1.054069527210894108e+01
2.826293171859597830e+00 3.086022151880876141e+00 3.340234092114805264e+00 3.590199755493159284e+00 3.831588887031399882e+00 4.060569807458338509e+00 4.265296333220466529e+00 4.433711430112967200e+00 4.550890381810023477e+00 4.596442554877640418e+00 4.558971592971741593e+00 4.421405556485225929e+00 4.184038664872648638e+00 3.847068978548255469e+00 1.228113663570086977e+01
2.879292016484866767e+00 3.130632546268724337e+00 3.372806336325141707e+00 3.609128474597094627e+00 3.836990956912215367e+00 4.055133789516082388e+00 4.255408668534714778e+00 4.428607505443177494e+00 4.560264657672931321e+00 4.633823638734005712e+00 4.631748538927340952e+00 4.545122037362934186e+00 4.356656961219009361e+00 4.074441683730143815e+00 1.371673218536245820e+01
2.938042210231931683e+00 3.184665608412379445e+00 3.419158228562674484e+00 3.644497267677298868e+00 3.861096646187461179e+00 4.068235917147887015e+00 4.261154363427490210e+00 4.432558657008776493e+00 4.568928449278788939e+00 4.659493970262401419e+00 4.682616312116127055e+00 4.630527257798365603e+00 4.483159893409864871e+00 4.241927692720021348e+00 1.491831736729738722e+01
3.001515010453996268e+00 3.243939589382221378e+00 3.473570257369853032e+00 3.689832202753048573e+00 3.897194275702639654e+00 4.093538535654186461e+00 4.278893584692928798e+00 4.444989003025814789e+00 4.583834879170087362e+00 4.681841450563404727e+00 4.724013305754590775e+00 4.693976936552433088e+00 4.582311418634594347e+00 4.373094921087633757e+00 1.594015293674272016e+01
3.065165766339910114e+00 3.306341915122803066e+00 3.533841662542644535e+00 3.742119594376886571e+00 3.941018233817048522e+00 4.128149219941454895e+00 4.304822533149368802e+00 4.464657537859616276e+00 4.602560603622494639e+00 4.702852689368037353e+00 4.757163266522573153e+00 4.744017809549984754e+00 4.657532659216238713e+00 4.477494623128382756e+00 1.681367627009845123e+01
3.126766112805483999e+00 3.368815284110555197e+00 3.592939694942436368e+00 3.798322593127580582e+00 3.988624628442928532e+00 4.167950804718580926e+00 4.335866310170501947e+00 4.488985722436938275e+00 4.622711445565604649e+00 4.725109953309060806e+00 4.786459087945972080e+00 4.787783141663446429e+00 4.719143303753063456e+00 4.570589213212870483e+00 1.757975676900714035e+01
3.246892533512682810e+00 3.492749548347058308e+00 3.712173402318676096e+00 3.912612144972662520e+00 4.093064398137554072e+00 4.259434805659222611e+00 4.412022922364649880e+00 4.552027628373938484e+00 4.674442315899772993e+00 4.774900642632911918e+00 4.840017473846859097e+00 4.860696610384924732e+00 4.815888864938165703e+00 4.701349651742069646e+00 1.884389129115679040e+01
3.415312418902918257e+00 3.666845828976909250e+00 3.889684734315421721e+00 4.085451965914620232e+00 4.257391749315039498e+00 4.409191325345619639e+00 4.543775095717803580e+00 4.664587894891576880e+00 4.769400778712410194e+00 4.858343916366002269e+00 4.920238851092888943e+00 4.948646594487332351e+00 4.927722841200914417e+00 4.845214369869743187e+00 2.027083061880263415e+01
3.661865187319648829e+00 3.928793173731570665e+00 4.161585838183232688e+00 4.359310666441021276e+00 4.524854994062911473e+00 4.664618110315102761e+00 4.784643942391752169e+00 4.877677727765529880e+00 4.955399474691867034e+00 5.018718653070841640e+00 5.066155202229008836e+00 5.087434936653224327e+00 5.077173939014451243e+00 5.020562829001852023e+00 2.192940981370804110e+01
4.059626371171352943e+00 4.359052545707357673e+00 4.616675793253791404e+00 4.830585829665428932e+00 5.002682599017540532e+00 5.135983982936045855e+00 5.233434699849079053e+00 5.303306077471917845e+00 5.346928405997795508e+00 5.373317477595256797e+00 5.380822808581138261e+00 5.374223510634246637e+00 5.345793247063284959e+00 5.291743904574854440e+00 2.399758379981204115e+01
4.637736592750638209e+00 4.996121560727740274e+00 5.302936936994714578e+00 5.557685328545455938e+00 5.758970539968884417e+00 5.905730360048626615e+00 6.004614243383036509e+00 6.056624358498081229e+00 6.070851133938725219e+00 6.052445639696749424e+00 6.008519271178905719e+00 5.944957062562379768e+00 5.864627237920975844e+00 5.769395196255934444e+00 2.652340043433727601e+01
5.533594283137204251e+00 5.998612976829607923e+00 6.404780136691470283e+00 6.747768533460256180e+00 7.024373425896347278e+00 7.229273557498981262e+00 7.368404000936789267e+00 7.438467504753446313e+00 7.449291451030097377e+00 7.405719517545550801e+00 7.312461423755934220e+00 7.178436622308455917e+00 7.015969577517487288e+00 6.830546062391782414e+00 3.086725047790579879e+01
