0.000000000000000000e+00 0.000000000000000000e+00 0.000000000000000000e+00 0.000000000000000000e+00 0.000000000000000000e+00 0.000000000000000000e+00 0.000000000000000000e+00 0.000000000000000000e+00 0.000000000000000000e+00 0.000000000000000000e+00 0.000000000000000000e+00 0.000000000000000000e+00 0.000000000000000000e+00 0.000000000000000000e+00 0.000000000000000000e+00 0.000000000000000000e+00 0.000000000000000000e+00 0.000000000000000000e+00 0.000000000000000000e+00 0.000000000000000000e+00 0.000000000000000000e+00 0.000000000000000000e+00 0.000000000000000000e+00 0.000000000000000000e+00
0.000000000000000000e+00 0.000000000000000000e+00 0.000000000000000000e+00 0.000000000000000000e+00 0.000000000000000000e+00 0.000000000000000000e+00 0.000000000000000000e+00 0.000000000000000000e+00 0.000000000000000000e+00 0.000000000000000000e+00 0.000000000000000000e+00 0.000000000000000000e+00 0.000000000000000000e+00 0.000000000000000000e+00 0.000000000000000000e+00 0.000000000000000000e+00 0.000000000000000000e+00 0.000000000000000000e+00 0.000000000000000000e+00 0.000000000000000000e+00 0.000000000000000000e+00 0.000000000000000000e+00 0.000000000000000000e+00 0.000000000000000000e+00
0.000000000000000000e+00 0.000000000000000000e+00 0.000000000000000000e+00 0.000000000000000000e+00 0.000000000000000000e+00 0.000000000000000000e+00 0.000000000000000000e+00 0.000000000000000000e+00 0.000000000000000000e+00 0.000000000000000000e+00 0.000000000000000000e+00 0.000000000000000000e+00 0.000000000000000000e+00 0.000000000000000000e+00 0.000000000000000000e+00 0.000000000000000000e+00 0.000000000000000000e+00 0.000000000000000000e+00 0.000000000000000000e+00 0.000000000000000000e+00 0.000000000000000000e+00 0.000000000000000000e+00 0.000000000000000000e+00 0.000000000000000000e+00
0.000000000000000000e+00 0.000000000000000000e+00 0.000000000000000000e+00 0.000000000000000000e+00 0.000000000000000000e+00 0.000000000000000000e+00 0.000000000000000000e+00 0.000000000000000000e+00 0.000000000000000000e+00 0.000000000000000000e+00 0.000000000000000000e+00 0.000000000000000000e+00 0.000000000000000000e+00 0.000000000000000000e+00 0.000000000000000000e+00 0.000000000000000000e+00 0.000000000000000000e+00 0.000000000000000000e+00 0.000000000000000000e+00 0.000000000000000000e+00 0.000000000000000000e+00 0.000000000000000000e+00 0.000000000000000000e+00 0.000000000000000000e+00
0.000000000000000000e+00 0.000000000000000000e+00 0.000000000000000000e+00 0.000000000000000000e+00 0.000000000000000000e+00 0.000000000000000000e+00 0.000000000000000000e+00 0.000000000000000000e+00 0.000000000000000000e+00 0.000000000000000000e+00 0.000000000000000000e+00 0.000000000000000000e+00 0.000000000000000000e+00 0.000000000000000000e+00 0.000000000000000000e+00 0.000000000000000000e+00 0.000000000000000000e+00 0.000000000000000000e+00 0.000000000000000000e+00 0.000000000000000000e+00 0.000000000000000000e+00 0.000000000000000000e+00 0.000000000000000000e+00 0.000000000000000000e+00
0.000000000000000000e+00 0.000000000000000000e+00 0.000000000000000000e+00 0.000000000000000000e+00 0.000000000000000000e+00 0.000000000000000000e+00 0.000000000000000000e+00 0.000000000000000000e+00 0.000000000000000000e+00 0.000000000000000000e+00 0.000000000000000000e+00 0.000000000000000000e+00 0.000000000000000000e+00 0.000000000000000000e+00 0.000000000000000000e+00 0.000000000000000000e+00 0.000000000000000000e+00 0.000000000000000000e+00 0.000000000000000000e+00 0.000000000000000000e+00 0.000000000000000000e+00 0.000000000000000000e+00 0.000000000000000000e+00 0.000000000000000000e+00
0.000000000000000000e+00 0.000000000000000000e+00 0.000000000000000000e+00 0.000000000000000000e+00 0.000000000000000000e+00 0.000000000000000000e+00 0.000000000000000000e+00 0.000000000000000000e+00 0.000000000000000000e+00 0.000000000000000000e+00 0.000000000000000000e+00 0.000000000000000000e+00 0.000000000000000000e+00 0.000000000000000000e+00 0.000000000000000000e+00 0.000000000000000000e+00 0.000000000000000000e+00 0.000000000000000000e+00 0.000000000000000000e+00 0.000000000000000000e+00 0.000000000000000000e+00 0.000000000000000000e+00 0.000000000000000000e+00 0.000000000000000000e+00
0.000000000000000000e+00 0.000000000000000000e+00 0.000000000000000000e+00 0.000000000000000000e+00 0.000000000000000000e+00 0.000000000000000000e+00 0.000000000000000000e+00 0.000000000000000000e+00 0.000000000000000000e+00 0.000000000000000000e+00 0.000000000000000000e+00 0.000000000000000000e+00 0.000000000000000000e+00 0.000000000000000000e+00 0.000000000000000000e+00 0.000000000000000000e+00 0.000000000000000000e+00 0.000000000000000000e+00 0.000000000000000000e+00 0.000000000000000000e+00 0.000000000000000000e+00 0.000000000000000000e+00 0.000000000000000000e+00 0.000000000000000000e+00
0.000000000000000000e+00 0.000000000000000000e+00 0.000000000000000000e+00 0.000000000000000000e+00 0.000000000000000000e+00 0.000000000000000000e+00 0.000000000000000000e+00 0.000000000000000000e+00 0.000000000000000000e+00 0.000000000000000000e+00 0.000000000000000000e+00 0.000000000000000000e+00 0.000000000000000000e+00 0.000000000000000000e+00 0.000000000000000000e+00 0.000000000000000000e+00 0.000000000000000000e+00 0.000000000000000000e+00 0.000000000000000000e+00 0.000000000000000000e+00 0.000000000000000000e+00 0.000000000000000000e+00 0.000000000000000000e+00 0.000000000000000000e+00
0.000000000000000000e+00 0.000000000000000000e+00 0.000000000000000000e+00 0.000000000000000000e+00 0.000000000000000000e+00 0.000000000000000000e+00 0.000000000000000000e+00 0.000000000000000000e+00 0.000000000000000000e+00 0.000000000000000000e+00 0.000000000000000000e+00 0.000000000000000000e+00 0.000000000000000000e+00 0.000000000000000000e+00 0.000000000000000000e+00 0.000000000000000000e+00 0.000000000000000000e+00 0.000000000000000000e+00 0.000000000000000000e+00 0.000000000000000000e+00 0.000000000000000000e+00 0.000000000000000000e+00 0.000000000000000000e+00 0.000000000000000000e+00
0.000000000000000000e+00 0.000000000000000000e+00 0.000000000000000000e+00 0.000000000000000000e+00 0.000000000000000000e+00 0.000000000000000000e+00 0.000000000000000000e+00 0.000000000000000000e+00 0.000000000000000000e+00 0.000000000000000000e+00 0.000000000000000000e+00 0.000000000000000000e+00 0.000000000000000000e+00 0.000000000000000000e+00 0.000000000000000000e+00 0.000000000000000000e+00 0.000000000000000000e+00 0.000000000000000000e+00 0.000000000000000000e+00 0.000000000000000000e+00 0.000000000000000000e+00 0.000000000000000000e+00 0.000000000000000000e+00 0.000000000000000000e+00
0.000000000000000000e+00 0.000000000000000000e+00 0.000000000000000000e+00 0.000000000000000000e+00 0.000000000000000000e+00 0.000000000000000000e+00 0.000000000000000000e+00 0.000000000000000000e+00 0.000000000000000000e+00 0.000000000000000000e+00 0.000000000000000000e+00 0.000000000000000000e+00 0.000000000000000000e+00 0.000000000000000000e+00 0.000000000000000000e+00 0.000000000000000000e+00 0.000000000000000000e+00 0.000000000000000000e+00 0.000000000000000000e+00 0.000000000000000000e+00 0.000000000000000000e+00 0.000000000000000000e+00 0.000000000000000000e+00 0.000000000000000000e+00
0.000000000000000000e+00 0.000000000000000000e+00 0.000000000000000000e+00 0.000000000000000000e+00 0.000000000000000000e+00 0.000000000000000000e+00 0.000000000000000000e+00 0.000000000000000000e+00 0.000000000000000000e+00 0.000000000000000000e+00 0.000000000000000000e+00 0.000000000000000000e+00 0.000000000000000000e+00 0.000000000000000000e+00 0.000000000000000000e+00 0.000000000000000000e+00 0.000000000000000000e+00 0.000000000000000000e+00 0.000000000000000000e+00 0.000000000000000000e+00 0.000000000000000000e+00 0.000000000000000000e+00 0.000000000000000000e+00 0.000000000000000000e+00
0.000000000000000000e+00 0.000000000000000000e+00 0.000000000000000000e+00 0.000000000000000000e+00 0.000000000000000000e+00 0.000000000000000000e+00 0.000000000000000000e+00 0.000000000000000000e+00 0.000000000000000000e+00 0.000000000000000000e+00 0.000000000000000000e+00 0.000000000000000000e+00 0.000000000000000000e+00 0.000000000000000000e+00 0.000000000000000000e+00 0.000000000000000000e+00 0.000000000000000000e+00 0.000000000000000000e+00 0.000000000000000000e+00 0.000000000000000000e+00 0.000000000000000000e+00 0.000000000000000000e+00 0.000000000000000000e+00 0.000000000000000000e+00
0.000000000000000000e+00 0.000000000000000000e+00 0.000000000000000000e+00 0.000000000000000000e+00 0.000000000000000000e+00 0.000000000000000000e+00 0.000000000000000000e+00 0.000000000000000000e+00 0.000000000000000000e+00 0.000000000000000000e+00 0.000000000000000000e+00 0.000000000000000000e+00 0.000000000000000000e+00 0.000000000000000000e+00 0.000000000000000000e+00 0.000000000000000000e+00 0.000000000000000000e+00 0.000000000000000000e+00 0.000000000000000000e+00 0.000000000000000000e+00 0.000000000000000000e+00 0.000000000000000000e+00 0.000000000000000000e+00 0.000000000000000000e+00
0.000000000000000000e+00 0.000000000000000000e+00 0.000000000000000000e+00 0.000000000000000000e+00 0.000000000000000000e+00 0.000000000000000000e+00 0.000000000000000000e+00 0.000000000000000000e+00 0.000000000000000000e+00 0.000000000000000000e+00 0.000000000000000000e+00 0.000000000000000000e+00 0.000000000000000000e+00 0.000000000000000000e+00 0.000000000000000000e+00 0.000000000000000000e+00 0.000000000000000000e+00 0.000000000000000000e+00 0.000000000000000000e+00 0.000000000000000000e+00 0.000000000000000000e+00 0.000000000000000000e+00 0.000000000000000000e+00 0.000000000000000000e+00
0.000000000000000000e+00 0.000000000000000000e+00 0.000000000000000000e+00 0.000000000000000000e+00 0.000000000000000000e+00 0.000000000000000000e+00 0.000000000000000000e+00 0.000000000000000000e+00 0.000000000000000000e+00 0.000000000000000000e+00 0.000000000000000000e+00 0.000000000000000000e+00 0.000000000000000000e+00 0.000000000000000000e+00 0.000000000000000000e+00 0.000000000000000000e+00 0.000000000000000000e+00 0.000000000000000000e+00 0.000000000000000000e+00 0.000000000000000000e+00 0.000000000000000000e+00 0.000000000000000000e+00 0.000000000000000000e+00 0.000000000000000000e+00
2.614336609136728384e+00 3.342369837311229386e+00 4.051921834280966195e+00 4.754621945471146027e+00 5.380737451954885842e+00 5.830117711948569870e+00 5.988561595481421307e+00 5.800650547706033500e+00 5.242622330056732949e+00 4.384952577427784881e+00 3.380232301637385639e+00 2.414016347583523014e+00 1.600252637045250559e+00 1.014976433795563793e+00 6.036171358450556079e-01 3.701681723113777744e-01 3.723015223477787461e-01 2.996802646726584030e-01 5.818672476868130827e-02 6.531505971312458365e-03 0.000000000000000000e+00 0.000000000000000000e+00 0.000000000000000000e+00 0.000000000000000000e+00
2.588766298976978408e+00 3.343926635603946540e+00 4.120085235204532736e+00 4.865931825911248509e+00 5.551609777862903883e+00 6.079925614437695636e+00 6.349630687713311517e+00 6.258154415185551933e+00 5.807125233461640335e+00 5.009100298674441731e+00 4.009087381204457401e+00 2.969027991336472994e+00 2.045672587270005671e+00 1.323470400627924537e+00 8.197120204124728193e-01 5.243582432898697965e-01 3.603700175277217421e-01 3.328001776103247655e-01 1.878878771249500867e-01 2.688434193463198896e-02 0.000000000000000000e+00 0.000000000000000000e+00 0.000000000000000000e+00 0.000000000000000000e+00
2.567277418214835460e+00 3.345491406675788149e+00 4.172324390230644831e+00 4.976175949585170066e+00 5.716026610312397338e+00 6.320381285837408214e+00 6.688828518403533430e+00 6.700941978616222983e+00 6.342282833379188745e+00 5.615426824481016155e+00 4.625951260704555423e+00 3.535859791101882976e+00 2.508703196285295700e+00 1.664521102543853992e+00 1.059457851875877266e+00 6.721145540489668058e-01 4.233542701369704120e-01 3.327027409542607228e-01 2.974973826705462621e-01 7.759421388088608151e-02 0.000000000000000000e+00 0.000000000000000000e+00 0.000000000000000000e+00 0.000000000000000000e+00
2.546830082058090916e+00 3.343698748061973980e+00 4.211714173415227691e+00 5.075226902631564840e+00 5.868709885993509623e+00 6.547619705423063152e+00 7.004115414175133836e+00 7.129854024431663717e+00 6.858268194566646159e+00 6.216360960550614934e+00 5.237917901171283752e+00 4.116640021642952618e+00 2.989572737319953877e+00 2.035027427911832110e+00 1.314761940664431750e+00 8.284213221020404472e-01 5.171326022752860130e-01 3.611245301284338183e-01 3.390576916248082551e-01 1.631768602340886165e-01 3.002287724488970303e-03 0.000000000000000000e+00 0.000000000000000000e+00 0.000000000000000000e+00
2.511075498868172495e+00 3.337398346086256851e+00 4.271553383331063714e+00 5.241037567392681673e+00 6.159660409901702494e+00 6.968216928223771589e+00 7.593626953215416364e+00 7.921086499346902343e+00 7.833559057661367397e+00 7.345185898108257838e+00 6.438933066843796738e+00 5.278246714695904451e+00 4.003609996177673658e+00 2.837478233825006413e+00 1.890280919417982375e+00 1.203333106526053076e+00 7.525158220212385674e-01 4.761942028482654132e-01 3.753936298058900278e-01 3.378936664359647457e-01 6.904221622300460437e-02 0.000000000000000000e+00 0.000000000000000000e+00 0.000000000000000000e+00
2.476220421217361523e+00 3.325838380360605750e+00 4.312815549842780705e+00 5.373115346763245093e+00 6.413499135154582476e+00 7.354258270060089586e+00 8.129772331027350418e+00 8.646221323600821407e+00 8.749742770470923858e+00 8.409988496600353969e+00 7.608561954197784694e+00 6.441322694873428567e+00 5.075068868972056002e+00 3.716799929860206575e+00 2.544557576069885751e+00 1.648721104584885744e+00 1.032262782277339808e+00 6.454983927554373002e-01 4.372301261429211716e-01 4.077097780983819919e-01 2.266838295816478999e-01 0.000000000000000000e+00 0.000000000000000000e+00 0.000000000000000000e+00
2.440211652756715921e+00 3.309228934682900469e+00 4.336649739986970786e+00 5.473199183044015648e+00 6.630324672476580972e+00 7.702027126034820981e+00 8.620908260902638176e+00 9.301307704222693928e+00 9.605404718876620507e+00 9.417258138301830783e+00 8.751091624569443894e+00 7.598144975588812855e+00 6.178063596892879872e+00 4.648255743595716361e+00 3.269538146358550890e+00 2.156142609302570179e+00 1.366940072468715073e+00 8.546075167179290055e-01 5.475905423049991505e-01 4.458752360623442490e-01 3.931612304319918039e-01 3.526970076431983070e-02 0.000000000000000000e+00 0.000000000000000000e+00
2.404297846979591924e+00 3.289345236230675873e+00 4.350219806542201972e+00 5.553400811450593721e+00 6.813119375380552789e+00 8.017993269943604062e+00 9.072778716520208064e+00 9.909836577290713322e+00 1.040530254423873124e+01 1.038345302263710934e+01 9.849911324712829597e+00 8.755066647808318336e+00 7.299746420830967253e+00 5.645618959743225140e+00 4.068290478680515854e+00 2.737826967471973738e+00 1.753815038752839950e+00 1.093265320457821321e+00 6.823241085891649238e-01 4.901248389013563300e-01 4.831985896999552721e-01 1.538279270759674022e-01 0.000000000000000000e+00 0.000000000000000000e+00
2.365677195451193260e+00 3.264882272973469224e+00 4.354114229552343396e+00 5.614883969020555199e+00 6.960310057531396311e+00 8.294526547333909150e+00 9.482511613752933499e+00 1.047790433716905767e+01 1.113907417362876018e+01 1.130408431546797132e+01 1.088938923519753210e+01 9.904463683457546352e+00 8.410439537216486627e+00 6.678604970198215973e+00 4.908494861819989730e+00 3.378491306415480899e+00 2.186937709083864423e+00 1.374519859285498136e+00 8.554694377379256087e-01 5.715539805229957748e-01 5.301565843921582921e-01 3.287543796057117440e-01 0.000000000000000000e+00 0.000000000000000000e+00
2.331637373091910437e+00 3.239862986937063205e+00 4.353770834812650925e+00 5.659805344553548778e+00 7.092130712916696389e+00 8.537169349241700900e+00 9.874429640716584800e+00 1.099865661043595644e+01 1.183221427127988790e+01 1.216664458626657819e+01 1.190849926097997802e+01 1.102531850391289758e+01 9.562951405669293692e+00 7.742108112048685875e+00 5.817193785722518662e+00 4.071262344287716495e+00 2.679710539270467429e+00 1.694381614659492552e+00 1.061554105474230569e+00 6.771269453157535700e-01 5.637789622292832536e-01 5.317505250709968490e-01 0.000000000000000000e+00 0.000000000000000000e+00
2.298149350015375347e+00 3.212228391585977505e+00 4.348303610314673939e+00 5.694067021899821057e+00 7.201860109113711772e+00 8.751333909582424297e+00 1.022396208128330564e+01 1.148493032178395445e+01 1.248057531654135488e+01 1.299052550942469964e+01 1.288915924008723657e+01 1.211730677355215136e+01 1.070110014679063681e+01 8.821493582930333588e+00 6.764951745682364681e+00 4.818503072375703411e+00 3.225002305844214323e+00 2.046718043983565494e+00 1.278502819849499428e+00 7.980673564500588846e-01 6.039526993926134235e-01 6.157332918478356509e-01 1.232225809592092380e-01 0.000000000000000000e+00
2.250430740530737772e+00 3.170926380599381478e+00 4.332728000720598160e+00 5.733116219446830364e+00 7.334519074937519534e+00 9.033623052821917909e+00 1.069237862882387091e+01 1.217205916326256876e+01 1.337650537971726195e+01 1.416352778037741977e+01 1.428155569857450047e+01 1.371311544503150515e+01 1.238415627632591587e+01 1.047992691468835424e+01 8.242541885129142543e+00 6.033883331116367543e+00 4.121232376917802753e+00 2.663044219335703122e+00 1.659896786409064795e+00 1.033215449652366225e+00 6.962131159276162551e-01 6.728521366996329522e-01 3.737457949743596686e-01 0.000000000000000000e+00
2.205860276770202244e+00 3.129283987048633975e+00 4.311625221678255571e+00 5.756386252413186355e+00 7.437723010830955772e+00 9.268688895568397257e+00 1.110177072656056296e+01 1.278657800997427252e+01 1.419672622050888577e+01 1.523697854935122109e+01 1.560597577144232773e+01 1.524357598620319365e+01 1.404753346344707943e+01 1.214773928402665959e+01 9.785474668936389619e+00 7.327607124924794491e+00 5.101146437242606524e+00 3.349019520768819369e+00 2.101749970916937382e+00 1.309126589242857630e+00 8.344729614023534969e-01 7.160321780461259555e-01 6.593375327598247626e-01 0.000000000000000000e+00
2.151621110935304948e+00 3.076610577263051649e+00 4.278264106763039365e+00 5.770251380473010450e+00 7.539341954528389067e+00 9.524803936639091972e+00 1.157155254048622339e+01 1.352723749344287540e+01 1.520640239356762535e+01 1.655141824729879829e+01 1.727256606196005251e+01 1.719045846645851583e+01 1.622138719386147798e+01 1.437982637482360637e+01 1.190934819237744158e+01 9.170348317416236128e+00 6.561656699513224389e+00 4.405389216634542748e+00 2.796296704733698846e+00 1.743923156849152445e+00 1.078529311230392862e+00 7.914177579521018968e-01 8.381059495113246660e-01 1.975922234093252239e-01
2.088766789243781563e+00 3.013299478241788343e+00 4.228387860789879937e+00 5.769677040284507008e+00 7.627305064644184895e+00 9.768688461811274593e+00 1.205102602418443247e+01 1.432169563507046028e+01 1.634754805101882624e+01 1.803816409381528985e+01 1.918369326837193611e+01 1.948638265439108608e+01 1.881103240477227700e+01 1.714266763894427470e+01 1.461362856228981144e+01 1.163681551153909410e+01 8.575161631766487602e+00 5.919901484521122192e+00 3.831136653308603091e+00 2.398392549896347870e+00 1.482844139785455040e+00 9.716382819105560120e-01 9.003355900772296305e-01 6.435232903342464894e-01
2.032564006041667870e+00 2.953632672128646330e+00 4.177311255662513823e+00 5.751294051388239126e+00 7.682559975457230905e+00 9.948818171278320577e+00 1.244437257731451574e+01 1.498803685021730026e+01 1.735744274556417821e+01 1.937463213735342293e+01 2.092178717292223311e+01 2.162686312170255931e+01 2.128792954683351368e+01 1.985851263781967191e+01 1.737824645726781014e+01 1.421949229682196147e+01 1.077105014042717634e+01 7.607302783327895668e+00 5.028612247156586612e+00 3.179773742210718623e+00 1.977946817743575503e+00 1.240846862085893898e+00 9.725007209606353342e-01 1.103659289740836602e+00
1.982283569437186532e+00 2.897445323457632504e+00 4.125997793814534909e+00 5.724065606691013386e+00 7.716536572872642274e+00 1.008501706526513608e+01 1.276631078073060976e+01 1.555236898192854333e+01 1.825539864963016257e+01 2.059825420829310971e+01 2.251538284495286746e+01 2.362568194100111540e+01 2.367237940309242816e+01 2.248940724958247372e+01 2.013514214404092684e+01 1.683988280766187984e+01 1.313031385447137822e+01 9.477486551422966699e+00 6.417177612148820209e+00 4.097708067176075275e+00 2.562873649148048383e+00 1.588778546947718029e+00 1.107231761156737937e+00 1.140176375827044453e+00
1.936846748880683533e+00 2.845231137313267045e+00 4.076426710513404217e+00 5.691144662201571336e+00 7.731872815626934070e+00 1.018777762537060561e+01 1.301958702321156558e+01 1.603902260161099491e+01 1.904436930411931428e+01 2.173032537172737122e+01 2.398139693904768777e+01 2.551082387413897479e+01 2.593139324994431050e+01 2.505217255863535897e+01 2.285382607841978597e+01 1.952412060267009863e+01 1.558138102350627463e+01 1.150354235213893261e+01 7.940526437488222733e+00 5.149080976140901100e+00 3.230528393290732492e+00 1.995535710060341694e+00 1.293773288210570138e+00 1.181375286369230615e+00
1.895997777977776355e+00 2.796865726991084156e+00 4.027201409126325515e+00 5.654514586696566703e+00 7.731000537453248889e+00 1.026746278934451340e+01 1.322328902523325667e+01 1.646170780349364904e+01 1.972912221465669447e+01 2.277316026199124721e+01 2.532415120402507824e+01 2.726890318435085092e+01 2.805694348919066172e+01 2.754394006241699699e+01 2.553725375744597414e+01 2.226626351082212807e+01 1.808889894872838155e+01 1.367044500545739183e+01 9.596699830230003059e+00 6.346425513095593551e+00 3.981567289952677502e+00 2.475907929953590436e+00 1.548795031544646372e+00 1.252024302972433834e+00
1.859305198292386274e+00 2.751091241731572712e+00 3.979989356908039344e+00 5.613718216056677868e+00 7.723771461029644847e+00 1.032199774949469884e+01 1.339491590769111795e+01 1.681708179565924510e+01 2.035453658952771505e+01 2.371227155761396332e+01 2.660924641198463192e+01 2.888729376724784004e+01 3.011753604382238336e+01 2.991006561984752565e+01 2.820694809751388377e+01 2.497141883526701989e+01 2.071007984980857941e+01 1.592832965181248461e+01 1.141708198799103613e+01 7.639123810982145102e+00 4.854281530933853617e+00 3.015037706041752141e+00 1.860667385867546209e+00 1.354837709052642003e+00
1.826129723202242205e+00 2.709925954836823525e+00 3.935719485248337257e+00 5.575661049773781741e+00 7.706664517592323627e+00 1.036474607459739161e+01 1.353353116709879878e+01 1.712722087996864673e+01 2.090429460224034131e+01 2.457428867983887244e+01 2.780368432960688807e+01 3.043082351327962343e+01 3.206434948035843746e+01 3.222415863545793258e+01 3.080744322209529074e+01 2.769751870424492068e+01 2.334483928439371070e+01 1.829462267509811113e+01 1.331738255589617737e+01 9.047586163983433849e+00 5.809408849597176960e+00 3.616038637541685752e+00 2.237555562090297823e+00 1.503728586410483681e+00
1.795504640101503568e+00 2.670805938609007057e+00 3.889416926239483541e+00 5.533537972803885374e+00 7.681640390458237100e+00 1.039096745788179987e+01 1.364625108049231450e+01 1.739327235331493426e+01 2.138579085148236203e+01 2.535564571307573090e+01 2.891504305897071347e+01 3.189151548054083918e+01 3.390766990978922024e+01 3.445924696515599095e+01 3.330593292230643954e+01 3.041821441526040104e+01 2.599448414916902195e+01 2.075878523439208934e+01 1.534810753853524368e+01 1.061713284056450846e+01 6.881205827258223273e+00 4.304231654663572826e+00 2.647508238475435149e+00 1.709606684094608697e+00
1.742285708855514370e+00 2.602534929957246224e+00 3.808130958906887464e+00 5.455054766670775379e+00 7.628601869200470453e+00 1.041418067807895476e+01 1.381833617859470920e+01 1.781277884666242528e+01 2.221605883253236158e+01 2.673199299074204305e+01 3.094761540229066199e+01 3.456917753692533779e+01 3.733788868269187589e+01 3.868580600607455722e+01 3.816904215701163139e+01 3.574614323291688578e+01 3.136769969945795467e+01 2.581387554766482495e+01 1.966628408698262120e+01 1.398837603972074284e+01 9.291845801177586850e+00 5.883018547591762903e+00 3.636990210184155803e+00 2.267850925568585474e+00
1.697274324797391154e+00 2.542896555522528246e+00 3.734890737834398067e+00 5.377571189546439534e+00 7.567976588699362850e+00 1.040631846703745644e+01 1.393589854224082814e+01 1.813201033080106228e+01 2.288247919845175815e+01 2.787758993767644355e+01 3.273413777548569215e+01 3.699902503376090124e+01 4.046121403817240036e+01 4.261511404008180648e+01 4.279767171961817951e+01 4.090394702074868860e+01 3.678509892976517648e+01 3.102507260851863080e+01 2.433594715562210808e+01 1.773686210973540867e+01 1.206853618696266039e+01 7.749495869794894354e+00 4.810514949932448658e+00 2.966422119642394772e+00
1.659495707147999433e+00 2.490919754311531786e+00 3.669822678550609840e+00 5.304601247747869230e+00 7.506406712465569342e+00 1.037662902225563677e+01 1.400796342953763940e+01 1.837759098559885373e+01 2.342809282890009825e+01 2.885122047528521705e+01 3.428917284485659422e+01 3.920561178412400238e+01 4.335382995747087875e+01 4.624224386001239395e+01 4.720862663834442685e+01 4.584934310907607369e+01 4.214409733463151042e+01 3.626275686796101638e+01 2.921784847117638861e+01 2.178335471820987834e+01 1.519727297159766266e+01 9.905277166940415157e+00 6.203656910781710998e+00 3.824921723008232188e+00
1.627442907811351702e+00 2.446176358666049211e+00 3.611558138388769823e+00 5.235316302511332509e+00 7.441793343965300345e+00 1.034283275079959807e+01 1.404771072673154286e+01 1.856515825778066642e+01 2.385661965750002977e+01 2.967573786971617622e+01 3.564015247017722743e+01 4.121401362057836337e+01 4.599110809121160059e+01 4.965061573184038224e+01 5.140901101230073067e+01 5.067216110214346969e+01 4.744337661757968760e+01 4.163233209000978974e+01 3.427404185082632182e+01 2.611702781602706125e+01 1.859763003304028928e+01 1.236199362405112723e+01 7.822290590075956729e+00 4.819437808435101722e+00
1.599690957434851679e+00 2.406204309756263537e+00 3.559042975760660532e+00 5.172690632902393837e+00 7.377567239125967014e+00 1.030027082929137450e+01 1.405625738074407671e+01 1.870862973468323531e+01 2.419925823808113208e+01 3.038985624526124241e+01 3.681691781524281026e+01 4.305142718232360721e+01 4.843248088535391815e+01 5.279856334427888243e+01 5.527369715880806211e+01 5.530369493428574401e+01 5.251998302812462072e+01 4.701338989876810359e+01 3.937613894276548621e+01 3.074990334308526485e+01 2.225121945012975999e+01 1.509556446865890678e+01 9.618616894382970628e+00 5.978482292694366151e+00
1.556975208642823905e+00 2.341848981988539524e+00 3.471363008298966157e+00 5.061296385226733641e+00 7.256369602387985118e+00 1.020276226153914401e+01 1.404517946640815396e+01 1.889044185839581758e+01 2.473661839728205081e+01 3.149471879563438037e+01 3.880853175771702013e+01 4.614234316707937467e+01 5.287271344812014462e+01 5.847365957176243967e+01 6.255156565435763127e+01 6.399631298862009743e+01 6.245633297571308162e+01 5.758878926903698670e+01 4.989132520474537102e+01 4.037593369809033561e+01 3.035659194870854805e+01 2.126222464129128653e+01 1.397639804398303731e+01 8.763198600590573761e+00
1.525039346505314253e+00 2.292739034214530847e+00 3.401026741541927745e+00 4.969997642405960647e+00 7.148717383729802144e+00 1.010610233708271544e+01 1.400284320224971069e+01 1.898626789330976905e+01 2.511496742286703565e+01 3.231980819194370724e+01 4.039223378571100653e+01 4.871510095481065150e+01 5.671854820401400588e+01 6.357254037399737001e+01 6.908110919274631101e+01 7.205573142261644648e+01 7.180112681154000143e+01 6.789122186242774148e+01 6.052866989117985241e+01 5.046030257715666778e+01 3.922233436934267559e+01 2.828576826054082716e+01 1.913994094312284133e+01 1.217744098149490206e+01
1.491483342104023002e+00 2.239631381433279778e+00 3.319279248979513319e+00 4.858931829573416294e+00 7.010115870457881648e+00 9.962369883196489084e+00 1.390345536590245423e+01 1.902199403741039418e+01 2.546218129521285078e+01 3.320998688242811880e+01 4.214145254510165017e+01 5.179991326900653092e+01 6.146373751547405107e+01 7.031374238260002585e+01 7.766536861956161886e+01 8.299408189294749150e+01 8.480279631198359880e+01 8.270809609922336847e+01 7.625887780660980297e+01 6.608355278282165557e+01 5.350918412234269539e+01 4.027689555978314928e+01 2.823963210061559437e+01 1.860291329605290045e+01
1.462538681145275188e+00 2.187686968703831170e+00 3.234440846800221703e+00 4.729680426011427130e+00 6.839887071417185105e+00 9.759138820685187454e+00 1.372633410721846303e+01 1.897167472067106786e+01 2.572452107714496705e+01 3.411645717172753933e+01 4.410317356495981045e+01 5.545904972789799814e+01 6.748228452561782831e+01 7.930726064005412468e+01 8.984362818342076196e+01 9.845313615432274901e+01 1.041586462612040833e+02 1.053052986038017593e+02 1.014405660882407290e+02 9.224213883165172945e+01 7.882192268130175705e+01 6.288890254923763479e+01 4.660898231081255716e+01 3.222529399896498603e+01
1.452715232805441348e+00 2.163473429105547741e+00 3.188892901058518969e+00 4.652448138196494831e+00 6.723204831787231939e+00 9.608778987917277803e+00 1.356468757058140717e+01 1.887334687587291526e+01 2.580503607168707703e+01 3.460191211241956211e+01 4.534860669125630750e+01 5.790144145334343762e+01 7.185813879938717719e+01 8.618596703294701911e+01 9.986321463353881711e+01 1.115255166031417389e+02 1.207165371550079129e+02 1.255309524751452841e+02 1.247315012686861735e+02 1.177735939067123638e+02 1.048412620373613748e+02 8.739728956066632293e+01 6.789685181715758233e+01 4.899637372874038022e+01
1.460624642614807733e+00 2.161525500434028135e+00 3.163341654020073612e+00 4.591285292480439040e+00 6.608373368969919781e+00 9.436836250648733326e+00 1.334632210056206247e+01 1.867227391559677940e+01 2.578054983830055846e+01 3.501886409267855527e+01 4.669439565590592878e+01 6.090545034451411510e+01 7.747589443267301590e+01 9.585051861743062318e+01 1.146707763724090796e+02 1.326167942057187190e+02 1.478858958025767265e+02 1.598560635521232314e+02 1.660660695526141239e+02 1.649328463803081206e+02 1.556790336341546777e+02 1.385790490777045250e+02 1.156387869828285204e+02 9.003064788264524054e+01
1.486656273490052138e+00 2.188538477206800170e+00 3.185856169235375290e+00 4.597629187201445866e+00 6.588712025384249493e+00 9.375350477721704934e+00 1.324705776020835302e+01 1.855136645814751262e+01 2.570869806765548304e+01 3.517655820990071902e+01 4.735918605785339253e+01 6.260947740293199359e+01 8.092519381788046928e+01 1.020592585810648956e+02 1.250400236014225470e+02 1.482166485868970369e+02 1.696953946799161770e+02 1.876761158699544580e+02 2.010509192152921685e+02 2.066818070309996926e+02 2.029008909723669376e+02 1.891842984131624519e+02 1.659896241028475572e+02 1.366871428597146121e+02
1.520165029205720497e+00 2.229384415192878333e+00 3.231583828062888575e+00 4.641956349520433456e+00 6.622797330714282005e+00 9.387822589494009051e+00 1.322861313663064742e+01 1.850854508478612814e+01 2.568023504309604377e+01 3.525362089690830913e+01 4.775182015272796576e+01 6.362419437090171215e+01 8.321389380765275234e+01 1.063065326629648837e+02 1.324911455652333245e+02 1.600316588790043681e+02 1.871680137867608948e+02 2.111826603264871096e+02 2.308359496911031670e+02 2.436281043162963726e+02 2.462427176229621182e+02 2.373030088455154498e+02 2.167287437438332063e+02 1.858609549062957740e+02
1.555683390656900311e+00 2.274654342273960683e+00 3.287109125143356625e+00 4.705265970651728580e+00 6.687096935670427733e+00 9.445987951528403315e+00 1.327054056638814572e+01 1.853292980763650277e+01 2.570316611053766209e+01 3.532200099579110031e+01 4.802186181490202443e+01 6.433173437993430355e+01 8.479753505561109250e+01 1.094194094135535806e+02 1.379821988506353705e+02 1.692668324039265713e+02 2.012191971943189799e+02 2.312134029005370621e+02 2.567460611079922614e+02 2.761242304502815159e+02 2.858658777350183868e+02 2.825844141559973082e+02 2.660358128569891960e+02 2.359239698397739744e+02
1.591629420682489471e+00 2.323678890178611400e+00 3.348053766105751006e+00 4.779861388272791167e+00 6.769743500130304348e+00 9.533662653732296377e+00 1.335223263499663737e+01 1.860933470542445534e+01 2.577513728068310428e+01 3.543816101499596982e+01 4.825595918814423868e+01 6.490753725611604352e+01 8.597263437199632108e+01 1.118627553842039504e+02 1.422829929186168556e+02 1.766647778489676739e+02 2.127564405699816632e+02 2.482433251246592363e+02 2.796308750343927159e+02 3.051687022702664649e+02 3.216586357693295781e+02 3.250216333034281320e+02 3.131338774135521135e+02 2.859944649356865511e+02
1.627422902006063099e+00 2.372865560506462135e+00 3.412282766859281224e+00 4.862546776358011691e+00 6.865192001093572749e+00 9.640194750715368244e+00 1.346430232064872889e+01 1.872113953926485763e+01 2.588870754349359160e+01 3.558292276711033253e+01 4.847356947079567391e+01 6.536859502153022561e+01 8.689816611681571601e+01 1.137185509273124211e+02 1.457074393663347962e+02 1.825262717087043427e+02 2.223515625793366155e+02 2.626980711009296101e+02 2.999452398784091542e+02 3.313153076129578949e+02 3.545787209146479881e+02 3.645895647237183539e+02 3.580296716095374450e+02 3.349473255143775532e+02
1.662296721292372936e+00 2.420506632499795252e+00 3.476595999606641563e+00 4.943727751498436795e+00 6.967725170192340833e+00 9.756015101173984405e+00 1.359333762360064490e+01 1.885514488261468102e+01 2.602873306162994282e+01 3.573822609642633807e+01 4.870422502048644731e+01 6.577435840632857378e+01 8.770691124069590217e+01 1.152372029939345879e+02 1.487598500533746062e+02 1.874565430756755404e+02 2.305932468635427881e+02 2.752311881024193667e+02 3.180639649910070830e+02 3.552068725060995007e+02 3.844140803416710810e+02 4.013763537609536911e+02 4.009190434548037842e+02 3.822190687474940205e+02
1.729126505449107398e+00 2.513397005779904436e+00 3.604326224498245690e+00 5.107240624886799196e+00 7.176996653650242308e+00 1.001045533141921418e+01 1.389026706835209168e+01 1.918456709342819266e+01 2.639214862326683786e+01 3.613706561882267465e+01 4.921713437807713376e+01 6.651433465094213204e+01 8.905235694837782034e+01 1.176185138947430175e+02 1.530546582941442750e+02 1.951967340347495679e+02 2.436128645216474240e+02 2.957479036355392736e+02 3.484348801835235463e+02 3.970383145577168307e+02 4.378776924313159498e+02 4.676704738647075033e+02 4.806278296882405812e+02 4.718141281367502415e+02
1.819968901457222676e+00 2.643663122208439464e+00 3.783815976968150530e+00 5.351111883556772142e+00 7.493354917817015348e+00 1.041134243514789048e+01 1.437682357298011659e+01 1.975506799356238830e+01 2.704162885014448037e+01 3.686771945110804438e+01 5.007509854873710964e+01 6.761688185061332490e+01 9.067104327027954014e+01 1.203675251118745138e+02 1.577717777025984844e+02 2.035700547066918205e+02 2.575499589076921438e+02 3.184985707225841338e+02 3.832896078605720618e+02 4.473134399498179619e+02 5.054056697374600162e+02 5.525177797333600438e+02 5.853157857859252999e+02 5.949043748257602147e+02
1.951013171554345060e+00 2.834538935562918027e+00 4.053971676032832150e+00 5.725002530350102425e+00 7.994889581811253976e+00 1.106421478090024557e+01 1.520817986799264609e+01 2.079869100326263975e+01 2.827278913656178716e+01 3.829970373617717883e+01 5.172242781376165510e+01 6.961785545948067977e+01 9.321424693077182155e+01 1.240305775033449436e+02 1.635106305503747421e+02 2.130100522885204271e+02 2.733815157780584855e+02 3.442400355559593663e+02 4.239825590426563053e+02 5.086420080042412906e+02 5.920064201485201920e+02 6.675841884111227955e+02 7.287250592854881006e+02 7.711566800576173364e+02
2.160411806178377692e+00 3.142461322062602758e+00 4.498034464969553170e+00 6.350849781349565681e+00 8.858962258780874066e+00 1.223177760394792735e+01 1.674259139892324555e+01 2.274683955629700804e+01 3.073428522393513518e+01 4.131817436187409953e+01 5.536594721751701087e+01 7.392987826537377316e+01 9.845841554182463540e+01 1.305880688809830019e+02 1.723567040016405372e+02 2.258462594379248287e+02 2.931025762484888446e+02 3.755287028129350233e+02 4.734110859675468532e+02 5.849227042372758660e+02 7.063017094918160410e+02 8.287955895495113054e+02 9.444574604420557762e+02 1.041443855023878086e+03
2.460150466606041419e+00 3.590272214927519023e+00 5.155771763262632312e+00 7.295193169435832736e+00 1.019275552997587653e+01 1.408063252229758788e+01 1.925122960062755695e+01 2.609645691137304979e+01 3.509570924471194076e+01 4.690424014562567123e+01 6.235099835615367425e+01 8.253546929439009716e+01 1.088907950210741973e+02 1.432359710842334266e+02 1.878941044917173144e+02 2.455866572351321508e+02 3.194663445827477517e+02 4.127967095450189277e+02 5.283004959327366805e+02 6.681101940074074719e+02 8.310414835694350586e+02 1.014494599420020904e+03 1.209567563502459961e+03 1.403101949700692103e+03
2.917465160312501471e+00 4.284441257580988704e+00 6.191224084454353793e+00 8.812163689781966625e+00 1.237684218011061610e+01 1.717623705625739916e+01 2.356737538309123181e+01 3.202492081141845404e+01 4.310296604644053531e+01 5.755163850228348821e+01 7.628607356853009946e+01 1.004291828011758412e+02 1.314568509243646588e+02 1.713148365328917748e+02 2.223977313745714639e+02 2.878150686878221904e+02 3.713280201046146658e+02 4.777185802635837035e+02 6.121318755953241180e+02 7.805679353075323661e+02 9.877556320909400256e+02 1.238099067150236124e+03 1.531555307111923867e+03 1.863401339964837916e+03
