9.052376087692187712e-03 8.537066547996675220e-03 7.882607490988182211e-03 7.084733029469002068e-03 6.153700013606691090e-03 5.146872420093085571e-03 3.949074281707387786e-03 0.000000000000000000e+00 0.000000000000000000e+00 0.000000000000000000e+00 0.000000000000000000e+00 0.000000000000000000e+00 0.000000000000000000e+00 0.000000000000000000e+00 0.000000000000000000e+00
9.743465207363388378e-03 9.235722836307797348e-03 8.653097238571459682e-03 7.957811718967325310e-03 7.077105597004649043e-03 6.117939876656463757e-03 5.022335348068349484e-03 2.512974321728073286e-03 0.000000000000000000e+00 0.000000000000000000e+00 0.000000000000000000e+00 0.000000000000000000e+00 0.000000000000000000e+00 0.000000000000000000e+00 0.000000000000000000e+00
1.080307001636119507e-02 1.044369404022249363e-02 9.904876965246257881e-03 9.284109285637177564e-03 8.520004678254634173e-03 7.616055425715730944e-03 6.575698572356589687e-03 5.430047020462871327e-03 2.764103036491986042e-03 0.000000000000000000e+00 0.000000000000000000e+00 0.000000000000000000e+00 0.000000000000000000e+00 0.000000000000000000e+00 0.000000000000000000e+00
1.161222448570226051e-02 1.124515886146191558e-02 1.078960221159507883e-02 1.025103921231556268e-02 9.565177918579303995e-03 8.757878530161921499e-03 7.802671529075929507e-03 6.688996258051505515e-03 5.444852923861397999e-03 1.846055243213475710e-03 0.000000000000000000e+00 0.000000000000000000e+00 0.000000000000000000e+00 0.000000000000000000e+00 0.000000000000000000e+00
1.300466078589755312e-02 1.274124553946202887e-02 1.238575891318832202e-02 1.198106323889401928e-02 1.146882011714903810e-02 1.076134151761456471e-02 9.929096974207305207e-03 8.935829673940258802e-03 7.770519383586497672e-03 6.569316455420771798e-03 4.356525597759711502e-03 0.000000000000000000e+00 0.000000000000000000e+00 0.000000000000000000e+00 0.000000000000000000e+00
1.393690199808446037e-02 1.374766579145145912e-02 1.346877369477060028e-02 1.308563347566110008e-02 1.266196552968136546e-02 1.210807221601480251e-02 1.142090379489218814e-02 1.052788240785305224e-02 9.475106813568220238e-03 8.281914322079524104e-03 7.004812648237054330e-03 4.687335538296279885e-03 0.000000000000000000e+00 0.000000000000000000e+00 0.000000000000000000e+00
1.467793928555773987e-02 1.453470165136843718e-02 1.429919417260817373e-02 1.398684434535514727e-02 1.362548126850744896e-02 1.310124263968368875e-02 1.242932327697202424e-02 1.166665164612245079e-02 1.074116202751229134e-02 9.646475436089005026e-03 8.335856668069690709e-03 6.978107933904912491e-03 3.438114462828262621e-03 0.000000000000000000e+00 0.000000000000000000e+00
1.518650895805974399e-02 1.507615882596725215e-02 1.486546657428109396e-02 1.459422139202278847e-02 1.424388021322681164e-02 1.386084909853107019e-02 1.330016014678999693e-02 1.256899986823397514e-02 1.171719715442815814e-02 1.068544171809041737e-02 9.483022713823868743e-03 8.149010477919023734e-03 6.678789957470000066e-03 1.313845826447070184e-03 0.000000000000000000e+00
1.610469028086923202e-02 1.604172066394436713e-02 1.583828892596016863e-02 1.555802748545706549e-02 1.533764332611971953e-02 1.498596623118767478e-02 1.450829049695446377e-02 1.393955228269773070e-02 1.321236066679319296e-02 1.226337601768927137e-02 1.119237501215544425e-02 9.958098891023099350e-03 8.591001958012879983e-03 7.096676393627270214e-03 1.397611668830072698e-03
1.679385612183212709e-02 1.674541134594066324e-02 1.660993498049809572e-02 1.639678686194373514e-02 1.613606847945954492e-02 1.585925586625423420e-02 1.549899750898670221e-02 1.495423858378385276e-02 1.431351805261669302e-02 1.351561075631013513e-02 1.257085505424718024e-02 1.137719728656080669e-02 1.005545790112506374e-02 8.662420501466821729e-03 7.112551408844901453e-03
1.738071235222815938e-02 1.728858341571088558e-02 1.720019488808294944e-02 1.704399821572421397e-02 1.682804901914116205e-02 1.652120739398696414e-02 1.620288378306334806e-02 1.575713955280486425e-02 1.518790695834328075e-02 1.449397154528467291e-02 1.363778284386843974e-02 1.251995222431418267e-02 1.121956618065455061e-02 9.825548427953592623e-03 1.277936530828480653e-02
1.784805122146879836e-02 1.776795716254611635e-02 1.761239136090792662e-02 1.746944142081871890e-02 1.733798973614077837e-02 1.713656449735545886e-02 1.686441723783615662e-02 1.646217122073173611e-02 1.591426319721775742e-02 1.526476122793277677e-02 1.444544887477036861e-02 1.341044260284417200e-02 1.220578678483921417e-02 1.086260305745368610e-02 1.837601735691804516e-02
1.826509021998693263e-02 1.820396376303402841e-02 1.802017253114305065e-02 1.793194589299440880e-02 1.775820841778529349e-02 1.752659670519633728e-02 1.726909931465882286e-02 1.693232232573143106e-02 1.651437040349392968e-02 1.592019964712724708e-02 1.517267153414532041e-02 1.423265768999866857e-02 1.310463143650530439e-02 1.178838056254108077e-02 2.383429135084955477e-02
1.858837133490566160e-02 1.853203818438474079e-02 1.847799172999508785e-02 1.832891633278055724e-02 1.817846682647857384e-02 1.796209630425945128e-02 1.767834663916367441e-02 1.736521717225982669e-02 1.694244711900184247e-02 1.638426722952612477e-02 1.576100160280684281e-02 1.491723246901852443e-02 1.386862224661896195e-02 1.260874137744392651e-02 2.898004312866401047e-02
1.891051402449012500e-02 1.887064715728348566e-02 1.879394776944136314e-02 1.866790993590028425e-02 1.854300249900061454e-02 1.838192178316144093e-02 1.811501625419782366e-02 1.784603181335859406e-02 1.748018855535467958e-02 1.689677161024555341e-02 1.623861874196572824e-02 1.548201602894832933e-02 1.448233150360804869e-02 1.324694167478569079e-02 3.389963403089488875e-02
1.914832975026859244e-02 1.911814112912209665e-02 1.904080884972074103e-02 1.897953015581765532e-02 1.883828788001754018e-02 1.866826502928999737e-02 1.845511226979495295e-02 1.817316418388463875e-02 1.777311610690847365e-02 1.733547016834562082e-02 1.676686703701336933e-02 1.601825854954907688e-02 1.505958991343192728e-02 1.389455751031807261e-02 3.879952233431884639e-02
1.941604153087790607e-02 1.935130962671422969e-02 1.926541334535814692e-02 1.919870875916215511e-02 1.907873051419187865e-02 1.895079996743938289e-02 1.872228847976141822e-02 1.846191784759462079e-02 1.811995439176894429e-02 1.766096011454044296e-02 1.708790850994229907e-02 1.639021470627715152e-02 1.551572640406780577e-02 1.443905644806379833e-02 4.343356594127056880e-02
1.995790937436885126e-02 1.988313254882502143e-02 1.981240603446295101e-02 1.963972420732780499e-02 1.947682285128752439e-02 1.933344527964340337e-02 1.907813451315538977e-02 1.882845933393691162e-02 1.847580508533970892e-02 1.805942031912687734e-02 1.747925789538136085e-02 1.679479279415405785e-02 1.595443040034745519e-02 1.486501298671443969e-02 4.786702461789661689e-02
2.073611102541397799e-02 2.059531910259853812e-02 2.041906557552341725e-02 2.030828381590680382e-02 2.008863679659462012e-02 1.984996686459395560e-02 1.957222802222501057e-02 1.924631530141102109e-02 1.880362356226134360e-02 1.838840765333588784e-02 1.789575624896180481e-02 1.721257276349712900e-02 1.637834920688380907e-02 1.536183842445440137e-02 5.207120761470706433e-02
2.158828412576582409e-02 2.142119150299801392e-02 2.119749070033939697e-02 2.098620951602914175e-02 2.068843315166971411e-02 2.033577750448091123e-02 2.004061438817399121e-02 1.968358260099240323e-02 1.925439696991626884e-02 1.877534185649432433e-02 1.829144976348934595e-02 1.759922415087321682e-02 1.676052926590119660e-02 1.583166762312920861e-02 5.629360931317941436e-02
2.245398325755366270e-02 2.223588796560766259e-02 2.203233429973255192e-02 2.171695361951976253e-02 2.134996999828684197e-02 2.091718823969844140e-02 2.052042394985714030e-02 2.013876013885294511e-02 1.969242738543787799e-02 1.913205377319361633e-02 1.858943063995525946e-02 1.788131614685481430e-02 1.711540343375139023e-02 1.617121746014338682e-02 5.990770498797159949e-02
2.435537332603811972e-02 2.406768705500347480e-02 2.370397692930907921e-02 2.323152160809797626e-02 2.271543007219251065e-02 2.217721255658427343e-02 2.164384153528012278e-02 2.110350205630294809e-02 2.050564324916750308e-02 1.989097433884970748e-02 1.928043772901999811e-02 1.857970777628437792e-02 1.778031684264931925e-02 1.682932567742554883e-02 6.403041220035712855e-02
2.616173244191814101e-02 2.586129388399061729e-02 2.539615949684966012e-02 2.482773237096446567e-02 2.416725259806892095e-02 2.347498508505079309e-02 2.276754207746327016e-02 2.204287262535391256e-02 2.134708553571489781e-02 2.065176564768030423e-02 1.991749566449321426e-02 1.915340900502982002e-02 1.840580478787265731e-02 1.749908343813697323e-02 6.768216744465518908e-02
2.802920387369345345e-02 2.778098936029679486e-02 2.718977104587609953e-02 2.644640511168611791e-02 2.566270732921658096e-02 2.478804801503289856e-02 2.394800753447132516e-02 2.307985843707286572e-02 2.223711716745303130e-02 2.140083988388757907e-02 2.061773414405701846e-02 1.981980549682878581e-02 1.896454136087710046e-02 1.803025043866645152e-02 7.115046589896342755e-02
2.979398781107637367e-02 2.946220090853167092e-02 2.890945098537240146e-02 2.813493121057150312e-02 2.718013953002661881e-02 2.615865462235584388e-02 2.509855880646438137e-02 2.405407856754137805e-02 2.305446192844053110e-02 2.214966761120117783e-02 2.124977771890676492e-02 2.039368178585565863e-02 1.950424290235281202e-02 1.858766107315247898e-02 7.419904882328620666e-02
3.143113944304878893e-02 3.107466090210066548e-02 3.049936529705013152e-02 2.964890236620269098e-02 2.860103547106859767e-02 2.746484989319268599e-02 2.629855932137898505e-02 2.505498437663303615e-02 2.393367935195933952e-02 2.284953818159625796e-02 2.189121370600616290e-02 2.094246928888960496e-02 2.005375508680782085e-02 1.913023110619340925e-02 7.692158309244491454e-02
3.313667764832375212e-02 3.284224073143696132e-02 3.223602109110462743e-02 3.130370560795644325e-02 3.012768537182852757e-02 2.880795696153066326e-02 2.744974812203104103e-02 2.610650871813676235e-02 2.483180337235244700e-02 2.362545860182616725e-02 2.250337038453148128e-02 2.152789274147110660e-02 2.054774192370873928e-02 1.957294223958827573e-02 7.948149079454924770e-02
3.470259535390646938e-02 3.451442068234186755e-02 3.380098625329717305e-02 3.276370649729807433e-02 3.146875423013074935e-02 3.013506474236736163e-02 2.864429071862207785e-02 2.712452415692506377e-02 2.570173965252520176e-02 2.444289844048637417e-02 2.324711924200382682e-02 2.210581149461895295e-02 2.104285866921820972e-02 2.001544774472778510e-02 8.195998721689516653e-02
3.692580048483739413e-02 3.672018015375903832e-02 3.612470576544856565e-02 3.506187037160005820e-02 3.371477709974293746e-02 3.213159897682201643e-02 3.044419869515228860e-02 2.872036814766947693e-02 2.708813715814379838e-02 2.552892089348854018e-02 2.417385576625286428e-02 2.287777378336307288e-02 2.173054807270541344e-02 2.067854097035023639e-02 8.506531671888969970e-02
3.904929606300926170e-02 3.890639848703129899e-02 3.829388221509354845e-02 3.721019035600810210e-02 3.576770443274369937e-02 3.406421494443225700e-02 3.219723050546064586e-02 3.025481359996111744e-02 2.842183193044815065e-02 2.666652319306252183e-02 2.508863129110970938e-02 2.369397464386641811e-02 2.241732638548745923e-02 2.122756547522265322e-02 8.810552662287542136e-02
4.170697114027397540e-02 4.172437794287265495e-02 4.114848348844530462e-02 3.997887894201409414e-02 3.844645041276754244e-02 3.653516680631505725e-02 3.448853817077028594e-02 3.231079555017284111e-02 3.024454881047390284e-02 2.829771357617772570e-02 2.645121735443723213e-02 2.486534506950728585e-02 2.343568519307529657e-02 2.210599839025147867e-02 9.192616018431597202e-02
4.476711572359372976e-02 4.495232763024368389e-02 4.444653244949631904e-02 4.328689101600118050e-02 4.159105045718963778e-02 3.953307433873014254e-02 3.729919370603139439e-02 3.488787222129400428e-02 3.244172743731339736e-02 3.015285553096330728e-02 2.803899877284991154e-02 2.612533548289480700e-02 2.451946163944547855e-02 2.304199614616394068e-02 9.600896520448408411e-02
4.749215167041966057e-02 4.788727214393592724e-02 4.749862418248892298e-02 4.636924887294006231e-02 4.465781915017139753e-02 4.247474591877025557e-02 3.995089769886852465e-02 3.728019767078506047e-02 3.462929894055784968e-02 3.202935533254106654e-02 2.963188271291940581e-02 2.751804936859409897e-02 2.565584485908596613e-02 2.400717339972955472e-02 1.001107451670213283e-01
5.019228757551000286e-02 5.068036455279727182e-02 5.044165384414936448e-02 4.935908012495450470e-02 4.755919831946130855e-02 4.525986379247469438e-02 4.255571380733153691e-02 3.969968375058644666e-02 3.676513968996929921e-02 3.393935246053485927e-02 3.125728443912371285e-02 2.889440820336914781e-02 2.678590110159843884e-02 2.497733835929878340e-02 1.035515620269177733e-01
5.241300355132685190e-02 5.317843184649453936e-02 5.305094778390537918e-02 5.205660741398725200e-02 5.032893293037599136e-02 4.799177030279783845e-02 4.519834638027098173e-02 4.211018988432178867e-02 3.882776837674598025e-02 3.576000523428885663e-02 3.282771378656171996e-02 3.016253142997368450e-02 2.785739539337466278e-02 2.594367068859330938e-02 1.069749894358286435e-01
5.468221115889794481e-02 5.559027125747385140e-02 5.559001203328187840e-02 5.473513420322755757e-02 5.295771141988063480e-02 5.052368347467351556e-02 4.761709086368780264e-02 4.432323447214031598e-02 4.098992807122198156e-02 3.757750920216588325e-02 3.442163593196959775e-02 3.152928108044226324e-02 2.904797114757887849e-02 2.690230816885498533e-02 1.100624327336959668e-01
5.664556748958736454e-02 5.783098797088431081e-02 5.798504171278592162e-02 5.722707727299664038e-02 5.551013156717441582e-02 5.301583560228000785e-02 4.994075314388944642e-02 4.652483679485122647e-02 4.289943196431166700e-02 3.935467083643699737e-02 3.599752144534513337e-02 3.286904262413013755e-02 3.012334673906105417e-02 2.773710564456989200e-02 1.130809000287640032e-01
5.853611135914445207e-02 5.983530980823876383e-02 6.016873605182230383e-02 5.950098624706606776e-02 5.783410637767173040e-02 5.536542474666003577e-02 5.224803963712574412e-02 4.871556979014918243e-02 4.493732521945989489e-02 4.115404706648338740e-02 3.753277299918759274e-02 3.422285440496693198e-02 3.118859927492471928e-02 2.863148011118103048e-02 1.161016855763160466e-01
6.035170405526930903e-02 6.187890751224400798e-02 6.232694806593602060e-02 6.178573046202113367e-02 6.027210627771625168e-02 5.774209341684431729e-02 5.451797851453651228e-02 5.081301637751188538e-02 4.687798414658001650e-02 4.287970391717436935e-02 3.906018808109074786e-02 3.552241968383320486e-02 3.239940586850523219e-02 2.962433261963058270e-02 1.189195651927299063e-01
6.355813216050164305e-02 6.541835055076997141e-02 6.621487952027715895e-02 6.587013688185301696e-02 6.446021373137288124e-02 6.200130822440202971e-02 5.872679367694362551e-02 5.481951879612999290e-02 5.061945884964218212e-02 4.627587552851131908e-02 4.207348220067188421e-02 3.807581502931733919e-02 3.455416569848565600e-02 3.141870185314701164e-02 1.247232003360563557e-01
6.644201152833160984e-02 6.865136494841449222e-02 6.978228477135341168e-02 6.966428160478863041e-02 6.844120739681272547e-02 6.605842740353391751e-02 6.272943776547815209e-02 5.872283036318209914e-02 5.425186359917960610e-02 4.957905251716755030e-02 4.501044377363828258e-02 4.070171382055075976e-02 3.672197965123193825e-02 3.321131436634904704e-02 1.300069837907574521e-01
6.903801835955375443e-02 7.150262810918479872e-02 7.290353534651219936e-02 7.311520722023637231e-02 7.199401204542167643e-02 6.977731854577266801e-02 6.646368758028027568e-02 6.232353797432545195e-02 5.764842483411742463e-02 5.277690866792533742e-02 4.783372100696352269e-02 4.310167780356643358e-02 3.874913353801085619e-02 3.499235784273850569e-02 1.352617769648623014e-01
7.132037780969274765e-02 7.415996968327619177e-02 7.585898011686832698e-02 7.624074282534844260e-02 7.530043138897316024e-02 7.323968286936670402e-02 6.995034328937362045e-02 6.576629265141480107e-02 6.091872924019011565e-02 5.577860592630350112e-02 5.055009667980395194e-02 4.557111306988252675e-02 4.095226452826561392e-02 3.686213456851510778e-02 1.407266778488679704e-01
7.343904908842793788e-02 7.653766123327478132e-02 7.850998292838030912e-02 7.916498204807068118e-02 7.846088198845294071e-02 7.643497570240145866e-02 7.325836066445921835e-02 6.902210267894903772e-02 6.411972430362535003e-02 5.875272579319875538e-02 5.330570593896328396e-02 4.796131269180071294e-02 4.302991270781762051e-02 3.859174765970341259e-02 1.458957881355386621e-01
7.713082654573222285e-02 8.082111335904144933e-02 8.329717811533070282e-02 8.453007720156907601e-02 8.423081956088253330e-02 8.244726147844425035e-02 7.940240600989448283e-02 7.514740494070837329e-02 7.000823110778066349e-02 6.433383138855863770e-02 5.848267792817486016e-02 5.263319264585430979e-02 4.708582550984879989e-02 4.207911321107325048e-02 1.561244416365818177e-01
8.006761143248372625e-02 8.436772755452651151e-02 8.746727042670845997e-02 8.910593565725206944e-02 8.919081587920316134e-02 8.772988133023512658e-02 8.482678608709956491e-02 8.066846243501958613e-02 7.544622094716174621e-02 6.954957552198121062e-02 6.327575177830348230e-02 5.708959131476677717e-02 5.103686441911386984e-02 4.547376581459400269e-02 1.661897547649280049e-01
8.373638490267197587e-02 8.869461950088217139e-02 9.259260182541576012e-02 9.493491043146104480e-02 9.566059546490536525e-02 9.470696229930199161e-02 9.223205743155195313e-02 8.824032108645500638e-02 8.297207759717190045e-02 7.684327802028810550e-02 7.015636488867482701e-02 6.333722549908508970e-02 5.668056923073408471e-02 5.037968768162140454e-02 1.809703547232812126e-01
8.831577657459127595e-02 9.425220980670845350e-02 9.908801545307266423e-02 1.025449087351860966e-01 1.043363491713914515e-01 1.043166119639956368e-01 1.024315267080609521e-01 9.881776983620517429e-02 9.379105049167266173e-02 8.759061085268578239e-02 8.047944497754930260e-02 7.292822753702776772e-02 6.537323988628157556e-02 5.812997939605930864e-02 2.050328812558530056e-01
9.176320088204341363e-02 9.839507519590171003e-02 1.040270094250968919e-01 1.083842928222731455e-01 1.109790552967034882e-01 1.117645947628806424e-01 1.106956773157903029e-01 1.077227691385653496e-01 1.030326088449411981e-01 9.689251621923679336e-02 8.952808211829488272e-02 8.162492215178836219e-02 7.340645299912290644e-02 6.539598405068869358e-02 2.284066377602243236e-01
9.665609355892260113e-02 1.044267614161220742e-01 1.113420738095283746e-01 1.169132910128787978e-01 1.209929764059091556e-01 1.231829907848563666e-01 1.233622531842711728e-01 1.215520829094882405e-01 1.177149641453480167e-01 1.120758926494956620e-01 1.049316489876461478e-01 9.660042171111278553e-02 8.767620472811059329e-02 7.845573115524805130e-02 2.725342496477631826e-01
1.000939598063824015e-01 1.086415947658127962e-01 1.164365194292938666e-01 1.231079094069138097e-01 1.281466583948638605e-01 1.315152284521237391e-01 1.327943705855365586e-01 1.319427545559942183e-01 1.290369853742169837e-01 1.240311445629975612e-01 1.172662990848058195e-01 1.090509419740731678e-01 9.985049729574961563e-02 9.005410951542705544e-02 3.142012669344550480e-01
1.024917965100409084e-01 1.118389446664472681e-01 1.203329377396591265e-01 1.277442024934911657e-01 1.337158933521280235e-01 1.379491916948661079e-01 1.401474793320622858e-01 1.402430836606649855e-01 1.381086202413432662e-01 1.337811431893105030e-01 1.274084655921521037e-01 1.195002202142610298e-01 1.101743423536271499e-01 1.002016034474851186e-01 3.525433262084652353e-01
1.044602918620210763e-01 1.142401500081098725e-01 1.233648564127475117e-01 1.314480524991969435e-01 1.381730327021582772e-01 1.432059693453894833e-01 1.462990008520956564e-01 1.471515701389773112e-01 1.456862440926762481e-01 1.420725280522736889e-01 1.361805259604333407e-01 1.285502391772171404e-01 1.192777643166761381e-01 1.091193373187538534e-01 3.881969415707791082e-01
1.060692069377493080e-01 1.162055462687283935e-01 1.258443516336169299e-01 1.345157257906898773e-01 1.418930882859473497e-01 1.475149567019947983e-01 1.513059837484994619e-01 1.529295178007345490e-01 1.521558005588232176e-01 1.490729661020798180e-01 1.437390862274154912e-01 1.364614127326301274e-01 1.274658317190699164e-01 1.170995656724037465e-01 4.216500284683264432e-01
1.072566845560764953e-01 1.178408902754745913e-01 1.279387207866308773e-01 1.371016269189183900e-01 1.449667376609855562e-01 1.512380241730653385e-01 1.556862131131440674e-01 1.579675915545858123e-01 1.578723467851756157e-01 1.552687878981701131e-01 1.505217392736156734e-01 1.434797195576335560e-01 1.347563796259909630e-01 1.243639880563271183e-01 4.520589254319597461e-01
1.083909142530284919e-01 1.192760242029069356e-01 1.296502090442249178e-01 1.391778648435480492e-01 1.475636892359545871e-01 1.543872245331318338e-01 1.593751877759341518e-01 1.622157986309914202e-01 1.626970715171365267e-01 1.607139227006334770e-01 1.564379964048678850e-01 1.498351281383205336e-01 1.412990706574374089e-01 1.310711884633526392e-01 4.810829295786342996e-01
1.100109599775667690e-01 1.213765046411743181e-01 1.323708511276357747e-01 1.426982277315435865e-01 1.518226927510618329e-01 1.595492446438126488e-01 1.655377443978549856e-01 1.693961485141091405e-01 1.709499974026639502e-01 1.700362642134448654e-01 1.665919895247802984e-01 1.608532612096064962e-01 1.527852562574153750e-01 1.430004033941672525e-01 5.340319464277919481e-01
1.118524623646218741e-01 1.241482701021765778e-01 1.354561647168508187e-01 1.465295599376054692e-01 1.566534629015116087e-01 1.653377890378432691e-01 1.723650848634165622e-01 1.776012458448720244e-01 1.804938526312957758e-01 1.810016712235308911e-01 1.788434501790958642e-01 1.742216228924508836e-01 1.670465570852514292e-01 1.577188903199336634e-01 6.038978335959680477e-01
1.136274026852640423e-01 1.262983229378318584e-01 1.387253515102885304e-01 1.507571604993494796e-01 1.619390417070517285e-01 1.719654891069284097e-01 1.805610379695929135e-01 1.872531346940700114e-01 1.918587284086913092e-01 1.940542850571178868e-01 1.938435984438747484e-01 1.907918174903468211e-01 1.852208288767851208e-01 1.770981290304854683e-01 7.013955512954576088e-01
1.150485944436654140e-01 1.285559991564551863e-01 1.420769644602342396e-01 1.553045714551152812e-01 1.680063763030952839e-01 1.797785579653791432e-01 1.902098527866282474e-01 1.991341065241000186e-01 2.059911411455929431e-01 2.107670227507380811e-01 2.129862955849294304e-01 2.127825368599394196e-01 2.096861009133444698e-01 2.039119307526848779e-01 8.491346900182050739e-01
1.172469272716782779e-01 1.314372074285939662e-01 1.458192642588288512e-01 1.600993955375082656e-01 1.740869942165255146e-01 1.873908201428228504e-01 1.998232556968860263e-01 2.109620730937129540e-01 2.205621049313195858e-01 2.282803532120772361e-01 2.338035576803467464e-01 2.370501278749738983e-01 2.375517039227285077e-01 2.352308400383595066e-01 1.042674384288835299e+00
1.178290927324380372e-01 1.327766067469630940e-01 1.481035739377873084e-01 1.637040912297621220e-01 1.796041811826023238e-01 1.941445912665730467e-01 2.087103023166375637e-01 2.223537051937145292e-01 2.348856087136453330e-01 2.460210583188278954e-01 2.554456187146518231e-01 2.630360275910005319e-01 2.683055639954078919e-01 2.711571718318132040e-01 1.295584996817776391e+00
