5.466706094242016097e-03 6.985759811723666821e-03 8.781503274754676874e-03 1.080664533344442499e-02 1.294116191355440017e-02 1.498027349572519408e-02 1.668456879141813967e-02 1.703039491320901960e-02 0.000000000000000000e+00 0.000000000000000000e+00 0.000000000000000000e+00 0.000000000000000000e+00 0.000000000000000000e+00 0.000000000000000000e+00 0.000000000000000000e+00 0.000000000000000000e+00 0.000000000000000000e+00 0.000000000000000000e+00 0.000000000000000000e+00 0.000000000000000000e+00 0.000000000000000000e+00 0.000000000000000000e+00 0.000000000000000000e+00 0.000000000000000000e+00
5.859811253618712329e-03 7.519343571572205745e-03 9.502566196342892083e-03 1.186818780896348180e-02 1.454568172349283289e-02 1.723566128710057183e-02 1.985515632402762298e-02 2.169391751446545641e-02 1.374477547605082797e-02 0.000000000000000000e+00 0.000000000000000000e+00 0.000000000000000000e+00 0.000000000000000000e+00 0.000000000000000000e+00 0.000000000000000000e+00 0.000000000000000000e+00 0.000000000000000000e+00 0.000000000000000000e+00 0.000000000000000000e+00 0.000000000000000000e+00 0.000000000000000000e+00 0.000000000000000000e+00 0.000000000000000000e+00 0.000000000000000000e+00
6.424112404407516207e-03 8.340767683455938344e-03 1.074979481743464776e-02 1.358824520466376390e-02 1.698178100377620986e-02 2.076709312487948905e-02 2.473638044425096466e-02 2.845805339665311365e-02 3.128915339352520558e-02 2.016478596717223917e-02 0.000000000000000000e+00 0.000000000000000000e+00 0.000000000000000000e+00 0.000000000000000000e+00 0.000000000000000000e+00 0.000000000000000000e+00 0.000000000000000000e+00 0.000000000000000000e+00 0.000000000000000000e+00 0.000000000000000000e+00 0.000000000000000000e+00 0.000000000000000000e+00 0.000000000000000000e+00 0.000000000000000000e+00
6.876161533813919709e-03 8.966248153391772821e-03 1.157597598692438300e-02 1.480798707079441189e-02 1.875430855308630670e-02 2.332669800208450606e-02 2.846718753958172449e-02 3.379276756027486950e-02 3.859086172323955566e-02 4.181763854944466063e-02 1.740253465545388983e-02 0.000000000000000000e+00 0.000000000000000000e+00 0.000000000000000000e+00 0.000000000000000000e+00 0.000000000000000000e+00 0.000000000000000000e+00 0.000000000000000000e+00 0.000000000000000000e+00 0.000000000000000000e+00 0.000000000000000000e+00 0.000000000000000000e+00 0.000000000000000000e+00 0.000000000000000000e+00
7.648555325268445448e-03 1.004298965213806967e-02 1.311996795946638802e-02 1.700479654299219545e-02 2.193289280171597730e-02 2.798605645520030674e-02 3.500189768672717916e-02 4.304663410641346860e-02 5.162128883595160783e-02 5.981939184882832661e-02 6.736700054860830789e-02 5.801135786645113951e-02 0.000000000000000000e+00 0.000000000000000000e+00 0.000000000000000000e+00 0.000000000000000000e+00 0.000000000000000000e+00 0.000000000000000000e+00 0.000000000000000000e+00 0.000000000000000000e+00 0.000000000000000000e+00 0.000000000000000000e+00 0.000000000000000000e+00 0.000000000000000000e+00
8.170053108874067785e-03 1.076485439491714491e-02 1.415968250039097501e-02 1.849325220915659998e-02 2.395971677229084829e-02 3.090676027460691894e-02 3.940261225497282416e-02 4.953865375748442434e-02 6.086133078200411245e-02 7.299054310809652280e-02 8.503729138976638680e-02 9.578929251239312603e-02 8.325111154088295218e-02 0.000000000000000000e+00 0.000000000000000000e+00 0.000000000000000000e+00 0.000000000000000000e+00 0.000000000000000000e+00 0.000000000000000000e+00 0.000000000000000000e+00 0.000000000000000000e+00 0.000000000000000000e+00 0.000000000000000000e+00 0.000000000000000000e+00
8.579283799903003258e-03 1.133745068441435570e-02 1.497162376107193972e-02 1.963597312592572919e-02 2.561250988364949244e-02 3.326563584659023715e-02 4.263561754396451992e-02 5.393152037293363898e-02 6.747411572238209976e-02 8.280753312472209637e-02 9.908322679891380658e-02 1.140911093914844104e-01 1.272013757224537689e-01 7.889930068802264440e-02 0.000000000000000000e+00 0.000000000000000000e+00 0.000000000000000000e+00 0.000000000000000000e+00 0.000000000000000000e+00 0.000000000000000000e+00 0.000000000000000000e+00 0.000000000000000000e+00 0.000000000000000000e+00 0.000000000000000000e+00
8.865864172914695793e-03 1.173196010359971869e-02 1.552889570299170567e-02 2.041607330110905075e-02 2.672585080586404108e-02 3.478088893577666735e-02 4.512383667310947144e-02 5.771566978172677082e-02 7.271779941349477971e-02 9.035452510469192677e-02 1.098205024887763115e-01 1.298691436653508779e-01 1.486968377944347108e-01 1.622671443803472557e-01 3.815548496801336731e-02 0.000000000000000000e+00 0.000000000000000000e+00 0.000000000000000000e+00 0.000000000000000000e+00 0.000000000000000000e+00 0.000000000000000000e+00 0.000000000000000000e+00 0.000000000000000000e+00 0.000000000000000000e+00
9.389624407228330111e-03 1.244144151869393256e-02 1.652496727477418756e-02 2.175248939053969766e-02 2.849384300412652685e-02 3.745920492140039637e-02 4.879175247876895577e-02 6.298194976546117596e-02 8.067724866268061179e-02 1.019180432040754786e-01 1.261038894157782697e-01 1.533992716223691877e-01 1.818737453154128381e-01 2.090707561132168490e-01 2.299547711004474027e-01 5.412161972717915298e-02 0.000000000000000000e+00 0.000000000000000000e+00 0.000000000000000000e+00 0.000000000000000000e+00 0.000000000000000000e+00 0.000000000000000000e+00 0.000000000000000000e+00 0.000000000000000000e+00
9.752498333709272091e-03 1.297535492813626373e-02 1.725067897761653826e-02 2.281617672764522237e-02 3.003088574811160066e-02 3.940996752483388876e-02 5.164604912681400317e-02 6.729537420854567187e-02 8.655750548786231291e-02 1.104648565390809883e-01 1.390319173867822500e-01 1.723673303830931536e-01 2.078764146918888334e-01 2.448940908845863296e-01 2.811012021057716637e-01 3.074311120371761574e-01 0.000000000000000000e+00 0.000000000000000000e+00 0.000000000000000000e+00 0.000000000000000000e+00 0.000000000000000000e+00 0.000000000000000000e+00 0.000000000000000000e+00 0.000000000000000000e+00
1.009499520026558260e-02 1.342697469872145694e-02 1.781131080822701690e-02 2.362759595437003562e-02 3.121920992504098602e-02 4.110026013188960298e-02 5.380258387943827325e-02 7.036042481830395712e-02 9.122511164507253467e-02 1.172328493880291228e-01 1.491377633297035765e-01 1.870563102543024991e-01 2.288393260823292086e-01 2.733279942329248646e-01 3.190061699627071423e-01 3.595594391600948070e-01 2.445051431278865706e-01 0.000000000000000000e+00 0.000000000000000000e+00 0.000000000000000000e+00 0.000000000000000000e+00 0.000000000000000000e+00 0.000000000000000000e+00 0.000000000000000000e+00
1.036232763676676188e-02 1.378885999268733391e-02 1.830344314908535081e-02 2.419313873649117652e-02 3.200116663069837303e-02 4.235161832078299798e-02 5.581709590030556334e-02 7.323891375161384332e-02 9.530939197574529731e-02 1.228414127240347736e-01 1.571051022824673238e-01 1.981546534712458896e-01 2.452055599651618290e-01 2.974666792412057337e-01 3.528265425289680568e-01 4.062575011865818264e-01 4.500962622295087145e-01 8.073218161084334821e-02 0.000000000000000000e+00 0.000000000000000000e+00 0.000000000000000000e+00 0.000000000000000000e+00 0.000000000000000000e+00 0.000000000000000000e+00
1.058190843295949909e-02 1.411229475868720079e-02 1.875225613630461877e-02 2.475339964301517814e-02 3.285113465113111142e-02 4.337557944738949789e-02 5.708420447954608290e-02 7.500117659001032111e-02 9.804881450365657281e-02 1.275018086724709065e-01 1.638659300957024945e-01 2.081833353057286895e-01 2.603130386793910400e-01 3.194634357483258635e-01 3.829963179065214995e-01 4.476570386546552816e-01 5.064327553409625482e-01 3.442660139220204973e-01 0.000000000000000000e+00 0.000000000000000000e+00 0.000000000000000000e+00 0.000000000000000000e+00 0.000000000000000000e+00 0.000000000000000000e+00
1.079724875915473795e-02 1.436068179075727057e-02 1.909220081699256749e-02 2.538468930942499105e-02 3.357629525759457667e-02 4.440342907854193805e-02 5.850282783879078713e-02 7.678180055520107683e-02 1.005583902319857476e-01 1.308155705696021354e-01 1.686653324294068446e-01 2.163045561040384812e-01 2.729084681212148866e-01 3.381602170331743928e-01 4.097439128808402775e-01 4.819607760251978790e-01 5.531518175699343676e-01 6.121319652599578331e-01 2.739269975401220289e-02 0.000000000000000000e+00 0.000000000000000000e+00 0.000000000000000000e+00 0.000000000000000000e+00 0.000000000000000000e+00
1.095904132556765539e-02 1.461092276177323318e-02 1.944164488170599739e-02 2.581786135086070605e-02 3.419686259406783807e-02 4.529934918520343856e-02 5.987329498038140851e-02 7.867842658417245616e-02 1.033570390029104474e-01 1.349653324167081614e-01 1.739376907462950317e-01 2.228782901941598893e-01 2.832718119452343752e-01 3.531915133663233175e-01 4.305426758945069543e-01 5.110698856930779854e-01 5.940823586734463868e-01 6.695173698203757962e-01 2.927363338274794335e-01 0.000000000000000000e+00 0.000000000000000000e+00 0.000000000000000000e+00 0.000000000000000000e+00 0.000000000000000000e+00
1.111863527104184866e-02 1.479350724698795527e-02 1.969622029052172166e-02 2.615910235675284606e-02 3.476995871119233084e-02 4.601732492530302698e-02 6.081050668857810454e-02 8.015363310535236763e-02 1.052462405954962960e-01 1.372416954447505111e-01 1.784849995563714264e-01 2.301579306126393387e-01 2.931058826932549932e-01 3.673123944391720186e-01 4.517105374545962726e-01 5.418829313050225194e-01 6.341326449947608523e-01 7.230689116932458305e-01 5.844518404727387928e-01 0.000000000000000000e+00 0.000000000000000000e+00 0.000000000000000000e+00 0.000000000000000000e+00 0.000000000000000000e+00
1.125246317967862342e-02 1.500119619733864679e-02 1.993468704047356502e-02 2.646822538238356379e-02 3.517167438801776375e-02 4.660678719133734549e-02 6.172965391267964258e-02 8.132161320072206490e-02 1.069198607223075248e-01 1.399287350197907231e-01 1.818342727502029466e-01 2.345713667075821351e-01 2.999625480500635599e-01 3.785096999045427513e-01 4.695241511097940634e-01 5.692909636575423926e-01 6.702909572631806645e-01 7.716224804345771515e-01 8.561189817413299430e-01 3.767606881014859410e-02 0.000000000000000000e+00 0.000000000000000000e+00 0.000000000000000000e+00 0.000000000000000000e+00
1.158911446607151750e-02 1.541889508824055566e-02 2.048405955434186645e-02 2.721727472268385337e-02 3.597399641785616053e-02 4.758117447651259019e-02 6.297154796208030703e-02 8.286596267231619017e-02 1.090444039277416871e-01 1.426802560621577010e-01 1.859506019824200829e-01 2.399352221253710782e-01 3.074023317089666363e-01 3.892030706485494207e-01 4.834376866990885979e-01 5.923936018048814311e-01 7.033256801426848170e-01 8.160130109232203166e-01 9.136843428242694687e-01 3.120761714455436708e-01 0.000000000000000000e+00 0.000000000000000000e+00 0.000000000000000000e+00 0.000000000000000000e+00
1.204887004720477627e-02 1.601963686264168060e-02 2.121479150646957135e-02 2.805051134610984584e-02 3.720144846527765475e-02 4.906905678049172659e-02 6.465331700232031242e-02 8.500564260408731421e-02 1.114570100013791837e-01 1.451955202780093879e-01 1.893667547875361734e-01 2.456632903021341852e-01 3.150458350289597198e-01 3.995856382021296116e-01 4.996815795076581246e-01 6.142105573135863139e-01 7.325356492845142009e-01 8.539895480721877430e-01 9.676454402164795798e-01 6.049892016360811642e-01 0.000000000000000000e+00 0.000000000000000000e+00 0.000000000000000000e+00 0.000000000000000000e+00
1.254423475220876535e-02 1.667763078402469470e-02 2.206433689652750538e-02 2.911873586786348223e-02 3.843895930550562945e-02 5.052725430874060314e-02 6.623212499467634462e-02 8.703558101070005271e-02 1.139923276670632007e-01 1.486734111676702164e-01 1.933305252168367738e-01 2.511300586577279725e-01 3.221006921072624429e-01 4.090086179492722906e-01 5.149887613476002990e-01 6.340672635350858011e-01 7.636323513939174967e-01 8.938265423298539236e-01 1.023688832081939726e+00 9.153950024229576821e-01 0.000000000000000000e+00 0.000000000000000000e+00 0.000000000000000000e+00 0.000000000000000000e+00
1.306589398876264844e-02 1.734475347105140022e-02 2.290496348454891182e-02 3.026350460381884572e-02 3.977320389593273081e-02 5.214027673655994427e-02 6.811698764746089430e-02 8.911746494418031073e-02 1.166267440192928634e-01 1.520498073803449590e-01 1.969925093561886442e-01 2.551973878043615751e-01 3.272970174169358426e-01 4.176948101259712054e-01 5.260500479696412768e-01 6.509465305184352069e-01 7.900926647886864496e-01 9.322987776334432652e-01 1.071207444045888746e+00 1.187085656879963702e+00 5.184063154587601613e-02 0.000000000000000000e+00 0.000000000000000000e+00 0.000000000000000000e+00
1.416800495061939190e-02 1.881377223798735843e-02 2.478893626338213654e-02 3.255489103689200581e-02 4.254045401203453147e-02 5.546738985707017761e-02 7.221541795497990468e-02 9.398638174237027021e-02 1.221890471341270379e-01 1.583144938926854817e-01 2.048000178614489131e-01 2.646912871833245195e-01 3.400812782305595028e-01 4.339083467201342859e-01 5.475288097757902150e-01 6.823279650973194110e-01 8.342009339800272594e-01 9.971333665221049358e-01 1.162137298858910262e+00 1.313584864505755512e+00 6.381784092096343119e-01 0.000000000000000000e+00 0.000000000000000000e+00 0.000000000000000000e+00
1.522029078476809516e-02 2.020995016770464961e-02 2.663504780340516381e-02 3.487609437468461998e-02 4.546030011107779489e-02 5.900956691692590961e-02 7.642828296933747156e-02 9.884529287347518234e-02 1.276179753105433079e-01 1.648018390510187225e-01 2.126035004007644225e-01 2.734018171872941716e-01 3.506099927193926380e-01 4.492255488356131088e-01 5.693515610980057762e-01 7.118746854517876699e-01 8.774719457367827768e-01 1.054677217778857479e+00 1.236148996009308387e+00 1.418661222620641205e+00 1.275295190066872530e+00 0.000000000000000000e+00 0.000000000000000000e+00 0.000000000000000000e+00
1.625618937339444806e-02 2.165272747817929139e-02 2.861374078149461764e-02 3.733306116035406408e-02 4.842157092398101381e-02 6.264884967451601894e-02 8.069701285756059050e-02 1.039600305165422206e-01 1.336040244960655932e-01 1.716472522980191928e-01 2.202986176242609506e-01 2.830256766020812775e-01 3.627571314629337573e-01 4.628364109067319987e-01 5.867002723521342888e-01 7.367180106407025253e-01 9.136472107612181315e-01 1.110001215951746056e+00 1.320127617684540677e+00 1.520835229362820673e+00 1.697655842796411685e+00 2.664172921275220762e-01 0.000000000000000000e+00 0.000000000000000000e+00
1.728485266833201112e-02 2.301552038364751071e-02 3.034439461619895667e-02 3.969795167687657084e-02 5.150993807321311430e-02 6.634906217595126776e-02 8.514653730320315139e-02 1.089410661347656600e-01 1.392209790150970017e-01 1.779548094914712442e-01 2.279860926939419330e-01 2.916779440785757793e-01 3.732666214447280528e-01 4.760263298778513730e-01 6.048342992584059274e-01 7.619939754184527070e-01 9.502894248262245824e-01 1.157638192633621887e+00 1.379094668660238110e+00 1.610196948119881455e+00 1.822343593229672321e+00 8.820101493031592410e-01 0.000000000000000000e+00 0.000000000000000000e+00
1.819191033718331116e-02 2.428086355011660480e-02 3.200426375732413897e-02 4.188227655480253331e-02 5.427858752505013845e-02 6.981421070869578416e-02 8.939472903273072701e-02 1.141350621151080574e-01 1.449960494452487703e-01 1.847119726487590763e-01 2.351787366517176514e-01 3.004503801171674593e-01 3.833106658093726193e-01 4.894589168898142439e-01 6.225177009061344524e-01 7.836597892568725188e-01 9.772144409779712770e-01 1.201701711928949479e+00 1.439827550506681986e+00 1.692510933971709930e+00 1.928476234705132963e+00 1.541574264004465622e+00 0.000000000000000000e+00 0.000000000000000000e+00
1.914460459084119104e-02 2.559963954254444729e-02 3.382571076610261379e-02 4.426666747518306910e-02 5.730558285881750397e-02 7.353535493595038386e-02 9.375415976868832491e-02 1.191182635592641370e-01 1.510780882267898362e-01 1.916250687512877082e-01 2.431334876594896666e-01 3.088376202431927786e-01 3.940220833989189209e-01 5.014191777542736927e-01 6.370067911819680129e-01 8.053899018166922330e-01 1.004393144487173206e+00 1.239390468207340001e+00 1.500703862362074092e+00 1.762821906651953263e+00 2.032827246440628510e+00 2.249316507733365000e+00 0.000000000000000000e+00 0.000000000000000000e+00
1.999266261190639146e-02 2.681345707939231451e-02 3.554872577570929865e-02 4.641215359537263774e-02 5.997491029329982820e-02 7.681107907583265004e-02 9.807139003496055663e-02 1.242960949108263130e-01 1.569428691946854193e-01 1.983441063298430063e-01 2.515270325115227523e-01 3.190313659652037059e-01 4.045229150301647980e-01 5.135629499139521270e-01 6.513055285740804168e-01 8.232446897062212221e-01 1.034544547251395219e+00 1.277748871258199692e+00 1.550159859261395212e+00 1.842157835541757160e+00 2.134409770172947862e+00 2.399958612939216529e+00 5.810580614220542950e-01 0.000000000000000000e+00
2.121710373951058576e-02 2.853102523571928242e-02 3.782240035150002261e-02 4.960669451762306920e-02 6.418370094210980314e-02 8.228977785298126346e-02 1.045563148521978236e-01 1.320947947733798478e-01 1.661706725331166812e-01 2.089809026912071432e-01 2.626707406404166223e-01 3.317052589686817488e-01 4.185956653954466811e-01 5.303067068898259517e-01 6.729145662961811825e-01 8.488877471986610024e-01 1.065648902522570829e+00 1.325688558670370831e+00 1.619285785174007453e+00 1.936499507652442054e+00 2.270815573979814594e+00 2.588712158354257831e+00 1.569898321316716805e+00 0.000000000000000000e+00
2.240515473650261935e-02 3.017315425646958926e-02 4.007469765922597876e-02 5.258667483162896006e-02 6.811987085751750048e-02 8.729708605866280668e-02 1.108463212807189180e-01 1.396930176493797193e-01 1.750283613240020131e-01 2.192586961258553013e-01 2.743476519347560760e-01 3.441989199578309733e-01 4.335480528434092484e-01 5.469752969954428945e-01 6.907599596088123128e-01 8.727051809098522739e-01 1.098966492822708751e+00 1.371744026668995753e+00 1.685223693964547520e+00 2.030839868990188091e+00 2.382661665388461358e+00 2.740127943709836256e+00 2.617517732901521565e+00 0.000000000000000000e+00
2.384774258877475628e-02 3.222844031362884221e-02 4.298306616556622772e-02 5.650514702210498313e-02 7.318852500604246247e-02 9.383163092758664559e-02 1.188795936408984233e-01 1.496276796447253699e-01 1.869015270475220813e-01 2.333084830320634184e-01 2.910882451027975715e-01 3.628519551714078917e-01 4.549483731684264565e-01 5.717686353149296075e-01 7.192658023419531421e-01 9.057908867734659752e-01 1.140330316129709809e+00 1.428828673757673418e+00 1.763944623547646140e+00 2.146626499817456235e+00 2.550499047983284751e+00 2.956872393069781779e+00 3.319975502895197828e+00 7.995114672008118983e-01
2.547343887347790214e-02 3.459691304968772613e-02 4.631175141422398667e-02 6.103788740373240762e-02 7.924609688505239447e-02 1.015068376672107614e-01 1.286339141263147801e-01 1.618166983087630240e-01 2.017899012033002315e-01 2.502149567914370709e-01 3.101282757545604229e-01 3.845585535120407128e-01 4.779073999432019715e-01 5.981687147348606626e-01 7.496628500322177757e-01 9.435105422719104462e-01 1.186922478651264212e+00 1.486996445958610469e+00 1.847556863751367517e+00 2.262822796475721709e+00 2.704771137126690483e+00 3.173037025176241421e+00 3.614940221583413660e+00 2.503458004579018681e+00
2.692374713296251734e-02 3.670692055649252272e-02 4.933903423026521351e-02 6.523430778013017406e-02 8.489559636187840597e-02 1.089926236798770265e-01 1.382053424930264895e-01 1.733010963885241174e-01 2.156281630768978885e-01 2.670677218966628352e-01 3.293707382108057580e-01 4.063902684752612182e-01 5.033189355844635005e-01 6.258019655151914051e-01 7.810230832204625440e-01 9.810466251663130244e-01 1.232303312606847667e+00 1.550877573982743174e+00 1.932941448806828166e+00 2.372246446818023102e+00 2.862458494556364919e+00 3.382994353660310871e+00 3.900820972723896940e+00 4.376092974246417633e+00
2.833193315358311856e-02 3.879537695280498022e-02 5.221973611228957618e-02 6.928381052528827244e-02 9.036742355470397947e-02 1.160804769801134922e-01 1.472604876989369316e-01 1.846021017299520062e-01 2.296187763767248147e-01 2.835158286099286329e-01 3.490032852948718456e-01 4.286055980807386145e-01 5.284237347406166574e-01 6.533162173712762089e-01 8.124834716560507264e-01 1.015985174123535728e+00 1.273964046004600670e+00 1.598931661409108917e+00 1.995309785134788516e+00 2.466524976906520283e+00 2.998023123864824946e+00 3.564118688640647736e+00 4.150797802629512923e+00 4.679268258056168861e+00
2.951447456905690811e-02 4.051757273968437101e-02 5.479783230625757257e-02 7.287025677615745212e-02 9.531677576380249983e-02 1.228447937657119876e-01 1.561602676698719272e-01 1.960681258173927466e-01 2.435372210623110434e-01 2.993944090048885065e-01 3.677039074682821318e-01 4.501177108603324761e-01 5.515149256919356091e-01 6.794222460190745272e-01 8.438713662349114353e-01 1.052299168396414242e+00 1.315776166760919130e+00 1.645476068421031890e+00 2.057928972343983975e+00 2.556051419259579127e+00 3.127234279871111688e+00 3.738804980209845308e+00 4.387030961740282287e+00 5.009005729718215782e+00
3.068068672894252308e-02 4.227442704047954664e-02 5.728456608974655945e-02 7.636456865615968981e-02 1.002252745271423745e-01 1.292636950141159979e-01 1.644021911522434987e-01 2.065587775252827885e-01 2.563393240135578566e-01 3.160659695086732723e-01 3.863423926599410252e-01 4.719288269183380402e-01 5.764917268759519597e-01 7.083975762202822102e-01 8.749152741217938178e-01 1.083084462901856115e+00 1.351473790944179187e+00 1.693806591969000852e+00 2.119430975271085593e+00 2.629217515780403414e+00 3.229759651892912586e+00 3.896000708242565835e+00 4.593799309837831579e+00 5.277291427378978383e+00
3.172242899856815568e-02 4.379558843999269840e-02 5.959831723330005770e-02 7.965843514853236662e-02 1.047979692264900675e-01 1.354958798677602105e-01 1.725147288225676867e-01 2.166347271365789973e-01 2.690668643299672369e-01 3.307755752948189354e-01 4.046247272707403364e-01 4.935110504302137047e-01 6.009204422138210155e-01 7.344878226822144640e-01 9.019838240862984025e-01 1.115519919740129540e+00 1.388773698040709270e+00 1.735018746559552794e+00 2.173240980396943467e+00 2.707121063605061106e+00 3.332782488027060452e+00 4.033095946427724954e+00 4.791043430910029599e+00 5.545157786389569132e+00
3.270125630257628147e-02 4.525864798156186558e-02 6.166801532101019723e-02 8.266466901915275889e-02 1.089643133871649183e-01 1.411804343114635152e-01 1.801661681004211035e-01 2.266584256300490929e-01 2.817421316579563628e-01 3.464801409563318391e-01 4.230998771001266978e-01 5.145329795595676714e-01 6.256431753083818714e-01 7.603639868550163827e-01 9.310291480631578409e-01 1.149030693326986707e+00 1.428073988670519823e+00 1.779981909462850176e+00 2.225773564170175689e+00 2.771770465753454538e+00 3.413010634398925713e+00 4.149364513430739088e+00 4.953595383134759444e+00 5.782504916663795846e+00
3.364736774464120034e-02 4.666626628356799339e-02 6.377943577708185263e-02 8.563230459649977255e-02 1.131571541093143451e-01 1.471416435461310734e-01 1.879009465229398435e-01 2.365054419578372924e-01 2.938658714068785871e-01 3.614534215704227615e-01 4.408210708084031593e-01 5.354579330354921618e-01 6.493589111097602951e-01 7.898888125770344715e-01 9.631585244868431372e-01 1.181779529012577212e+00 1.462160865881655392e+00 1.821378220158179406e+00 2.272593204717639814e+00 2.837428193436596136e+00 3.518835905074417347e+00 4.298862890907064305e+00 5.144475193749762809e+00 6.015807111753588288e+00
3.527736109775928691e-02 4.915001786860999367e-02 6.743474884262085078e-02 9.098132750209825259e-02 1.206483522966445565e-01 1.573782096285791243e-01 2.017824361109732678e-01 2.547766553649405408e-01 3.170462885450975876e-01 3.902976742091912032e-01 4.757270100960983017e-01 5.767087946698701284e-01 6.959596949029059898e-01 8.423049264370572331e-01 1.021410165749418786e+00 1.248819412648688010e+00 1.536173137816643663e+00 1.904452265988006987e+00 2.373375583065883809e+00 2.962817174218981275e+00 3.678114047543202147e+00 4.512430612560870635e+00 5.451964130714788581e+00 6.456455524371983223e+00
3.674107239758559601e-02 5.138316378008907920e-02 7.077426378632611925e-02 9.589533445843702320e-02 1.276081307596717285e-01 1.671113848539771962e-01 2.150032413378891727e-01 2.721557939985618235e-01 3.396406079016319746e-01 4.183023981084471599e-01 5.096683812847698780e-01 6.169554824733962661e-01 7.438989012643218990e-01 8.950217798465118779e-01 1.079541845668038569e+00 1.312305184012717341e+00 1.608181956566300697e+00 1.980029645055017440e+00 2.459185408433013809e+00 3.065325831837012238e+00 3.814014794843513911e+00 4.707259179427697227e+00 5.742170211295984039e+00 6.826551829214523082e+00
3.804105462862115983e-02 5.339571004796885706e-02 7.371646276004226173e-02 1.001956279942124994e-01 1.339378229020457001e-01 1.757982874156323039e-01 2.271279261035920594e-01 2.883724338833317247e-01 3.604754739508496120e-01 4.445064499499005173e-01 5.425532760736992977e-01 6.555701681848431495e-01 7.877225716352767027e-01 9.443166965178659833e-01 1.137399565723611783e+00 1.377513650371066545e+00 1.675798131556087700e+00 2.054953506239005634e+00 2.546478992362351423e+00 3.167827672387961258e+00 3.944416875911229692e+00 4.878036429515844929e+00 5.975279533638412133e+00 7.166772765795464295e+00
3.920935352140757918e-02 5.516626269485603445e-02 7.646466425836574710e-02 1.042609235494700998e-01 1.396739231696850769e-01 1.838913615217158404e-01 2.384143767173799722e-01 3.035271208094029727e-01 3.804040208009358270e-01 4.697398084023915454e-01 5.734011547874254822e-01 6.928437413262175104e-01 8.328190071084784485e-01 9.980731157062361358e-01 1.197984549833956303e+00 1.441395648716694788e+00 1.748815874272577897e+00 2.137411656417141703e+00 2.636232470369243686e+00 3.274297409516395252e+00 4.069240670022745476e+00 5.042078281304701370e+00 6.197689852680125178e+00 7.486947899877629986e+00
4.025851523890700695e-02 5.680846656853855148e-02 7.891876196899524909e-02 1.079129510270123021e-01 1.450436442697726203e-01 1.916170293246072798e-01 2.488281053300761547e-01 3.178998892050817759e-01 3.992597675155883374e-01 4.944402270064376381e-01 6.039908170412415789e-01 7.305879291843058176e-01 8.764674180823348593e-01 1.048595133551161851e+00 1.254105641574929431e+00 1.506248017875233769e+00 1.818476645083014320e+00 2.215431834985843285e+00 2.718220171627080628e+00 3.362778316158717473e+00 4.178675195693401179e+00 5.197409149841032416e+00 6.401854714796357371e+00 7.779500937511854453e+00
4.201942553348383957e-02 5.967169876713372678e-02 8.334629591821192396e-02 1.145097654313189522e-01 1.548956773005933651e-01 2.057340265747741870e-01 2.684349004760587243e-01 3.446032238561607119e-01 4.347295392252719659e-01 5.398967150105667967e-01 6.614045863884824294e-01 8.015815502963343775e-01 9.618252202225668901e-01 1.147309142092614032e+00 1.367287103439646767e+00 1.628739302528180666e+00 1.953565357477548003e+00 2.365742513936741176e+00 2.892953424669630902e+00 3.554191558336831758e+00 4.397510489205258999e+00 5.464004355238897936e+00 6.765695213168927857e+00 8.260656804771123518e+00
4.347779118001668386e-02 6.194965302811081959e-02 8.701746568663645820e-02 1.202537986298360118e-01 1.632967399575761536e-01 2.178753352209636396e-01 2.856614274352853866e-01 3.681879735929267095e-01 4.667259525477801541e-01 5.818772489772450207e-01 7.150502613177860400e-01 8.673082937943178417e-01 1.043296818721241248e+00 1.243557137337565344e+00 1.477451953724984612e+00 1.754733616864213142e+00 2.093223150240033359e+00 2.513254395449860290e+00 3.047764323984312185e+00 3.732427959682308227e+00 4.612267979907316295e+00 5.702570191637924779e+00 7.068956841573491801e+00 8.684279625959511861e+00
4.518838822389267817e-02 6.479773941790764602e-02 9.149233574715019690e-02 1.273244015607015445e-01 1.740046662719442194e-01 2.337152130752808143e-01 3.084333462552616423e-01 4.003896939089013340e-01 5.106019821243078516e-01 6.399924958460021518e-01 7.901344362060048754e-01 9.616700508091668986e-01 1.157481578779315345e+00 1.381025061422432865e+00 1.636773705110319277e+00 1.937862461844219286e+00 2.292879044699266178e+00 2.737399050738127837e+00 3.284116140278727336e+00 3.987195135482785258e+00 4.892987293287685446e+00 6.057488718059224730e+00 7.496882081406794462e+00 9.275567923609328247e+00
4.738390351497968889e-02 6.835269431126581030e-02 9.724293280449254617e-02 1.362797273773844742e-01 1.879969893443996787e-01 2.549712414200087651e-01 3.398047042020633235e-01 4.447456954051089983e-01 5.719340223387743283e-01 7.235929387921838929e-01 9.008019693993362109e-01 1.103298257630735968e+00 1.332823507566690768e+00 1.592911527913390524e+00 1.888353522765931380e+00 2.224264906973721700e+00 2.621833039491384021e+00 3.096432741000883837e+00 3.682887532442190803e+00 4.423155710692334708e+00 5.362843909740776738e+00 6.558602483176080078e+00 8.097493898438377968e+00 1.003839227138486478e+01
4.903938698736910740e-02 7.103018781157370565e-02 1.015282267392190740e-01 1.430977398362900943e-01 1.987339993291900309e-01 2.712462593119039922e-01 3.641366627548140444e-01 4.807315548730808907e-01 6.235988481045674492e-01 7.950451797818062216e-01 9.966069003703138529e-01 1.227529656078109932e+00 1.491930041428263243e+00 1.788736428431603853e+00 2.124577480308106114e+00 2.502793941092475549e+00 2.938234100163985563e+00 3.450251763365735247e+00 4.073760044308160744e+00 4.839423977025271384e+00 5.819601437465738769e+00 7.074040290741645975e+00 8.687867835802951078e+00 1.071960672671885817e+01
5.129231217239826196e-02 7.482852478587438683e-02 1.077749636549746454e-01 1.531860256586467239e-01 2.144211058086149257e-01 2.958043507476378897e-01 4.014383161738079853e-01 5.358962250788545933e-01 7.038643717672738997e-01 9.086033534598318973e-01 1.153162741287343307e+00 1.439104368284820579e+00 1.766092111165062262e+00 2.136792654151421722e+00 2.549043337012011801e+00 3.010340968100587045e+00 3.530867261478707331e+00 4.126928897118725459e+00 4.819651739336610952e+00 5.671280918850932551e+00 6.710934932341258374e+00 8.026529167531599285e+00 9.715427767922621527e+00 1.189786162437652450e+01
5.284029665126047104e-02 7.749975126216415711e-02 1.121354105103340021e-01 1.602194739557941117e-01 2.258162220631854122e-01 3.133366969093472343e-01 4.286905042113760000e-01 5.769740357056455382e-01 7.642062894708449017e-01 9.962280750205022573e-01 1.276429704460499304e+00 1.608697965768376203e+00 1.994151866910881310e+00 2.433995369736943637e+00 2.926366094369706072e+00 3.476603071209718898e+00 4.087504950935241688e+00 4.767565329304130017e+00 5.549728129013890232e+00 6.468802896723033768e+00 7.563113489409841073e+00 8.955102917359713643e+00 1.072734401691307760e+01 1.296660709266043909e+01
5.392057701388346114e-02 7.936578495466135863e-02 1.154505090741689416e-01 1.655956860573844225e-01 2.343467946510364719e-01 3.270047941820186654e-01 4.497102261456639161e-01 6.090315838618450828e-01 8.124086498354067265e-01 1.066463907177172654e+00 1.377014380524655079e+00 1.748172684069692284e+00 2.185619264352012259e+00 2.686170151381700233e+00 3.256689458111342805e+00 3.888989877356122005e+00 4.591445219691318691e+00 5.367607753923949510e+00 6.237989250266823049e+00 7.237398730124604995e+00 8.428418485928510506e+00 9.872232912707136876e+00 1.168870987179840348e+01 1.401628009254916130e+01
5.478506653513692815e-02 8.089328945812644667e-02 1.179374315165072490e-01 1.697808481049529195e-01 2.411654333886089352e-01 3.379355132572831044e-01 4.669055801908865155e-01 6.358469104519289816e-01 8.525238600408128198e-01 1.125129729544052992e+00 1.462591207972278484e+00 1.868786172045959759e+00 2.351528219042688050e+00 2.908499004910448882e+00 3.546991032703858515e+00 4.256860210001764955e+00 5.048555608151326979e+00 5.929341755096951161e+00 6.901265630714805255e+00 7.992558999810059461e+00 9.259647010964119573e+00 1.078509110385765091e+01 1.268690275055438121e+01 1.508560262431867471e+01
5.553480026125516555e-02 8.214359403801235748e-02 1.199727572808617776e-01 1.732088882862615198e-01 2.468141531463797222e-01 3.470657340792278056e-01 4.809863496512903347e-01 6.576852966672542822e-01 8.861099314239008207e-01 1.175234543205249116e+00 1.534877665728936691e+00 1.972789024742063413e+00 2.496664093903659953e+00 3.108529173545582225e+00 3.806896395046379666e+00 4.598350971538965659e+00 5.475764466820944421e+00 6.452936050613188534e+00 7.524381273997639674e+00 8.724657500539052535e+00 1.009283930057506673e+01 1.169840204717107390e+01 1.364588137224829900e+01 1.609235316718423903e+01
5.599514821614893362e-02 8.306913088941678125e-02 1.216684084679945099e-01 1.761020895681516540e-01 2.515700591943254016e-01 3.546066566546819399e-01 4.931756177640085892e-01 6.767777892433158859e-01 9.154071545371652574e-01 1.219493362564438188e+00 1.598853419645685170e+00 2.066100182667627738e+00 2.625334679434939478e+00 3.286808962171807735e+00 4.043441523521717151e+00 4.904188625044152872e+00 5.863139607849429780e+00 6.927216272468852409e+00 8.095683116149276159e+00 9.403080508358968359e+00 1.086711570354015066e+01 1.255487804792457318e+01 1.457520949670859878e+01 1.711850016118344797e+01
5.658586234081699334e-02 8.394958805290177184e-02 1.231533607616792231e-01 1.784656820681877754e-01 2.553920436088085166e-01 3.609833348171134770e-01 5.034803487878790618e-01 6.928654184583065145e-01 9.400916274383116500e-01 1.256872326265643824e+00 1.655097610312962653e+00 2.147550706914980623e+00 2.741924739579322701e+00 3.446750116890743509e+00 4.261984728517483667e+00 5.191741128990635445e+00 6.232050888488117835e+00 7.382920912865107432e+00 8.648848707520722101e+00 1.005109002855766320e+01 1.162198644951510218e+01 1.341982913409719380e+01 1.554349451106189584e+01 1.812122167059504818e+01
5.729957488073710720e-02 8.520868102814603551e-02 1.253320240097977323e-01 1.822243823704473298e-01 2.618807633100630472e-01 3.714338188036690469e-01 5.203758363615496041e-01 7.197409825884869550e-01 9.818364788405770094e-01 1.320879108102802846e+00 1.751339410764158888e+00 2.287378757318209832e+00 2.944061099937013815e+00 3.727674652694887403e+00 4.650827965814186449e+00 5.703421783214329466e+00 6.896743518717845411e+00 8.216428973327614571e+00 9.672561039151929663e+00 1.127278113124796910e+01 1.304204565239361280e+01 1.502180937083289436e+01 1.734473307524468311e+01 2.010541380685832991e+01
5.803193182835801600e-02 8.664329408879797856e-02 1.282011182296362573e-01 1.864864188184303384e-01 2.689355583064108046e-01 3.833029340366363447e-01 5.393035534460662861e-01 7.495400666036657888e-01 1.029567833912521158e+00 1.394857222207763758e+00 1.864676736967282311e+00 2.456095838671984222e+00 3.189496333497949809e+00 4.076445146756879190e+00 5.130664616152695423e+00 6.358304710791190750e+00 7.757456808700163187e+00 9.323496093683489860e+00 1.105218315918646432e+01 1.294020885770809492e+01 1.500299308233381979e+01 1.730073727643984327e+01 1.991027430046331403e+01 2.292009598143926041e+01
5.876070836108806400e-02 8.802482001270212075e-02 1.304372611929052184e-01 1.910068923826761800e-01 2.767256427752986525e-01 3.962818711034122865e-01 5.610223171243599039e-01 7.853016339585833228e-01 1.085710338540468944e+00 1.482974542448538102e+00 1.999621018875112455e+00 2.662786086612233483e+00 3.493744674425833807e+00 4.521410658168246499e+00 5.762787820007549300e+00 7.231093075118782743e+00 8.934231647995632741e+00 1.086870356446371666e+01 1.302766424712610949e+01 1.539385470843484072e+01 1.796113716721570697e+01 2.076776473029924475e+01 2.386196357539726876e+01 2.734555731703567716e+01
5.919215286659683384e-02 8.913755567428510718e-02 1.327869842593259464e-01 1.956510464163681851e-01 2.851175916622486484e-01 4.112125473622348371e-01 5.866107988247268867e-01 8.274408148375546057e-01 1.154854793192350515e+00 1.592628908995983750e+00 2.172429331536078756e+00 2.926663935600575694e+00 3.897863809276237212e+00 5.120532369011006502e+00 6.638158509279155517e+00 8.477972546154072475e+00 1.066576309744801421e+01 1.321225955182668876e+01 1.611818162582370917e+01 1.935561659381134803e+01 2.292298044585539785e+01 2.675577582472778460e+01 3.091607525405463264e+01 3.540251989457808435e+01
6.017786815133190775e-02 9.084567326446731095e-02 1.357735201322783358e-01 2.008211056719333421e-01 2.939538530245605075e-01 4.261338059047256044e-01 6.115563119394997749e-01 8.694174088212800466e-01 1.223737082311880053e+00 1.705731101831329699e+00 2.353632254030113113e+00 3.213763576583222648e+00 4.344046683288579125e+00 5.803441540656257835e+00 7.661221648562311692e+00 9.983103851017675723e+00 1.283673356434839263e+01 1.627806949265142578e+01 2.032697311843980259e+01 2.499952128529938378e+01 3.027027211220738678e+01 3.608730661439420118e+01 4.238825310803053270e+01 4.914823326909595380e+01
6.013607475693703158e-02 9.130876225766011711e-02 1.371739883004990945e-01 2.039933301408168864e-01 3.006387154814824658e-01 4.396433665685503533e-01 6.337071605717062850e-01 9.082781779693197555e-01 1.290112928801369074e+00 1.816985457739967780e+00 2.537322422133501121e+00 3.512485632958952664e+00 4.822153448377046736e+00 6.557745420611540865e+00 8.835902851060948748e+00 1.178111348967214411e+01 1.552954467106143888e+01 2.024222457422887445e+01 2.604454193551399044e+01 3.307280694167165080e+01 4.135989118357338867e+01 5.096343176619349435e+01 6.179621467056973927e+01 7.381312469472069893e+01
