1.324725470577175490e-01 1.720229639888904427e-01 2.068921303270027656e-01 2.240308027404562530e-01 2.106309141296075216e-01 1.569372142300310136e-01 8.074646448056774228e-02 2.179212865279199149e-02 0.000000000000000000e+00 0.000000000000000000e+00 0.000000000000000000e+00 0.000000000000000000e+00 0.000000000000000000e+00 0.000000000000000000e+00 0.000000000000000000e+00 0.000000000000000000e+00 0.000000000000000000e+00 0.000000000000000000e+00 0.000000000000000000e+00 0.000000000000000000e+00 0.000000000000000000e+00 0.000000000000000000e+00 0.000000000000000000e+00 0.000000000000000000e+00
1.292225951136331541e-01 1.747330563877620979e-01 2.220685805774629262e-01 2.586760974397918633e-01 2.690759972299163749e-01 2.368696274801306567e-01 1.601323772050667615e-01 6.884872560506039019e-02 1.277837689804225962e-02 0.000000000000000000e+00 0.000000000000000000e+00 0.000000000000000000e+00 0.000000000000000000e+00 0.000000000000000000e+00 0.000000000000000000e+00 0.000000000000000000e+00 0.000000000000000000e+00 0.000000000000000000e+00 0.000000000000000000e+00 0.000000000000000000e+00 0.000000000000000000e+00 0.000000000000000000e+00 0.000000000000000000e+00 0.000000000000000000e+00
1.200883887608079625e-01 1.707361627538085402e-01 2.312593210348084793e-01 2.946661020260068486e-01 3.441205227174590209e-01 3.596939693194248222e-01 3.193085761282816737e-01 2.199013745316239776e-01 9.827435660141266294e-02 1.947520405711004876e-02 0.000000000000000000e+00 0.000000000000000000e+00 0.000000000000000000e+00 0.000000000000000000e+00 0.000000000000000000e+00 0.000000000000000000e+00 0.000000000000000000e+00 0.000000000000000000e+00 0.000000000000000000e+00 0.000000000000000000e+00 0.000000000000000000e+00 0.000000000000000000e+00 0.000000000000000000e+00 0.000000000000000000e+00
1.108988849551446609e-01 1.627592047527540442e-01 2.289951925841958724e-01 3.063562360495659664e-01 3.841265729537491347e-01 4.393608230357399225e-01 4.470184460589268771e-01 3.799849317479739308e-01 2.446449624036966530e-01 9.870536221963269186e-02 1.445682814594977626e-02 0.000000000000000000e+00 0.000000000000000000e+00 0.000000000000000000e+00 0.000000000000000000e+00 0.000000000000000000e+00 0.000000000000000000e+00 0.000000000000000000e+00 0.000000000000000000e+00 0.000000000000000000e+00 0.000000000000000000e+00 0.000000000000000000e+00 0.000000000000000000e+00 0.000000000000000000e+00
9.198005986302638937e-02 1.409143110479862959e-01 2.091842938950305431e-01 3.000010613221834044e-01 4.106192969331656784e-01 5.306493530983371620e-01 6.326200838873369259e-01 6.799078042661131915e-01 6.320037500963431309e-01 4.656355024939103915e-01 2.403860840062827242e-01 6.723988383767520727e-02 0.000000000000000000e+00 0.000000000000000000e+00 0.000000000000000000e+00 0.000000000000000000e+00 0.000000000000000000e+00 0.000000000000000000e+00 0.000000000000000000e+00 0.000000000000000000e+00 0.000000000000000000e+00 0.000000000000000000e+00 0.000000000000000000e+00 0.000000000000000000e+00
7.824563744541211674e-02 1.229112771602945825e-01 1.882455005791975056e-01 2.794916879696633938e-01 4.008231367347084295e-01 5.483082052254597549e-01 7.085662944813939657e-01 8.451152896755692590e-01 9.091261766405612788e-01 8.459167640046165726e-01 6.259040358218523892e-01 3.269780259988486204e-01 9.585863470632159655e-02 0.000000000000000000e+00 0.000000000000000000e+00 0.000000000000000000e+00 0.000000000000000000e+00 0.000000000000000000e+00 0.000000000000000000e+00 0.000000000000000000e+00 0.000000000000000000e+00 0.000000000000000000e+00 0.000000000000000000e+00 0.000000000000000000e+00
6.824622230322198446e-02 1.089496786952730278e-01 1.702785386096955234e-01 2.588823478347711537e-01 3.815691670256929902e-01 5.409677955352047984e-01 7.313901318346875957e-01 9.304189818171773041e-01 1.085787138991959555e+00 1.137398686126235292e+00 1.013976603238542662e+00 7.073315199676988296e-01 3.370327609356763010e-01 7.970969132079243347e-02 0.000000000000000000e+00 0.000000000000000000e+00 0.000000000000000000e+00 0.000000000000000000e+00 0.000000000000000000e+00 0.000000000000000000e+00 0.000000000000000000e+00 0.000000000000000000e+00 0.000000000000000000e+00 0.000000000000000000e+00
6.050244137769253405e-02 9.776060965135244252e-02 1.547534699791851265e-01 2.393284934241651507e-01 3.598763927568809362e-01 5.236452378923678319e-01 7.304026947196337050e-01 9.677436655402432697e-01 1.197282593260899697e+00 1.346729936353543877e+00 1.341969410418858866e+00 1.104422938592651615e+00 6.887019826837053049e-01 2.769569551668109586e-01 3.194338446482831995e-02 0.000000000000000000e+00 0.000000000000000000e+00 0.000000000000000000e+00 0.000000000000000000e+00 0.000000000000000000e+00 0.000000000000000000e+00 0.000000000000000000e+00 0.000000000000000000e+00 0.000000000000000000e+00
4.954878336873282108e-02 8.143936873815177391e-02 1.313749276645906627e-01 2.074636765283365269e-01 3.205591396444682495e-01 4.810225728433001890e-01 6.996374429829814723e-01 9.762339586575305983e-01 1.292084305501741470e+00 1.598074848960580052e+00 1.799908258061838850e+00 1.793975805364431242e+00 1.479615114100103712e+00 9.260855962591143520e-01 3.809361709038830979e-01 4.573548498529229900e-02 0.000000000000000000e+00 0.000000000000000000e+00 0.000000000000000000e+00 0.000000000000000000e+00 0.000000000000000000e+00 0.000000000000000000e+00 0.000000000000000000e+00 0.000000000000000000e+00
4.218498323442457926e-02 6.992416782337915193e-02 1.142467095293461382e-01 1.833390882180345738e-01 2.878300748805644460e-01 4.418230438222552348e-01 6.585834686748084366e-01 9.494312311639161450e-01 1.309948868512390563e+00 1.711732645989416213e+00 2.075853535526245519e+00 2.280713284811024977e+00 2.194823029322723773e+00 1.722778476829107008e+00 9.983663187664298944e-01 3.929505912853771266e-01 0.000000000000000000e+00 0.000000000000000000e+00 0.000000000000000000e+00 0.000000000000000000e+00 0.000000000000000000e+00 0.000000000000000000e+00 0.000000000000000000e+00 0.000000000000000000e+00
3.694054496896815448e-02 6.140551736069232991e-02 1.010926967234652279e-01 1.640111820171297474e-01 2.609996359937873933e-01 4.068232645931572078e-01 6.178381115407335367e-01 9.096178551134762591e-01 1.291638645373057503e+00 1.748644780036845203e+00 2.232223816392803428e+00 2.616388580937281993e+00 2.759312072365445179e+00 2.487611970865560185e+00 1.775565927476307593e+00 8.925140069494912343e-01 2.513444783734090637e-01 0.000000000000000000e+00 0.000000000000000000e+00 0.000000000000000000e+00 0.000000000000000000e+00 0.000000000000000000e+00 0.000000000000000000e+00 0.000000000000000000e+00
3.309678544382226723e-02 5.506657871258920089e-02 9.116717186067962997e-02 1.488938818106506634e-01 2.392916034885433085e-01 3.767190096758499807e-01 5.802678698357334186e-01 8.681443652628439978e-01 1.258742361477441118e+00 1.750224866027124015e+00 2.308490924717911508e+00 2.840326135058985901e+00 3.179370759647895728e+00 3.146072076973533971e+00 2.573435800719585220e+00 1.597398465465425410e+00 6.791454412002493335e-01 6.831810711970397187e-02 0.000000000000000000e+00 0.000000000000000000e+00 0.000000000000000000e+00 0.000000000000000000e+00 0.000000000000000000e+00 0.000000000000000000e+00
3.010341724367333188e-02 4.998711019579468728e-02 8.282740064343151187e-02 1.360445909407230203e-01 2.203291619252742140e-01 3.505604200701940010e-01 5.456011387879353691e-01 8.279023126281075395e-01 1.218526828791275385e+00 1.729358284441233851e+00 2.339316269490824496e+00 2.982371807455657109e+00 3.495399280312977197e+00 3.688655535239127481e+00 3.331739820369981508e+00 2.388016374672552899e+00 1.213696824306026434e+00 3.530530619844258200e-01 0.000000000000000000e+00 0.000000000000000000e+00 0.000000000000000000e+00 0.000000000000000000e+00 0.000000000000000000e+00 0.000000000000000000e+00
2.775008263784425194e-02 4.603191224486116034e-02 7.631765273905843916e-02 1.257016400365076614e-01 2.047274177404290463e-01 3.279438252545781030e-01 5.146436418148797598e-01 7.897874860574779499e-01 1.176622050332673863e+00 1.696617263563885203e+00 2.342617538110042030e+00 3.066289972616865978e+00 3.731703901667627665e+00 4.127227261931610158e+00 4.008439297364356335e+00 3.187651065252013804e+00 1.901039310199097443e+00 8.012878662199983681e-01 2.207040376282519770e-02 0.000000000000000000e+00 0.000000000000000000e+00 0.000000000000000000e+00 0.000000000000000000e+00 0.000000000000000000e+00
2.583989145355529427e-02 4.263684156886479032e-02 7.075933440174858591e-02 1.169041445425400838e-01 1.912230886937644481e-01 3.083796367171419139e-01 4.873495617726049112e-01 7.532104197254366751e-01 1.134433585858506621e+00 1.657936967821168173e+00 2.329183405343263402e+00 3.111378453989601667e+00 3.899141295994940748e+00 4.473656709243130081e+00 4.585605012510768574e+00 3.966316786913492987e+00 2.670310309033162355e+00 1.261939155329459439e+00 2.690069148004429755e-01 0.000000000000000000e+00 0.000000000000000000e+00 0.000000000000000000e+00 0.000000000000000000e+00 0.000000000000000000e+00
2.431734098788729953e-02 4.002660652622262033e-02 6.619756174095889345e-02 1.094565251506222775e-01 1.794619262574763674e-01 2.905739291083133113e-01 4.620422020952718034e-01 7.198606020627266178e-01 1.094843774924049384e+00 1.616029071992200805e+00 2.304084590930829624e+00 3.132606479170162217e+00 4.020956345581577551e+00 4.761713510544081984e+00 5.087335036018093781e+00 4.692969792133699691e+00 3.472382088289143631e+00 1.859623235982126754e+00 6.292834360385576309e-01 0.000000000000000000e+00 0.000000000000000000e+00 0.000000000000000000e+00 0.000000000000000000e+00 0.000000000000000000e+00
2.296968999411998225e-02 3.764490286224309729e-02 6.230216097052472535e-02 1.028447227860588009e-01 1.691926868455061461e-01 2.751390008470436244e-01 4.399241357386488027e-01 6.899189013776085844e-01 1.055896518222021685e+00 1.571550245999599360e+00 2.267197979620542814e+00 3.128488003571364029e+00 4.098723362922139124e+00 4.986218663958383424e+00 5.507503512771829257e+00 5.354593765052811705e+00 4.269988073333399470e+00 2.560501315770164155e+00 1.107374848367773446e+00 3.099827742972117647e-02 0.000000000000000000e+00 0.000000000000000000e+00 0.000000000000000000e+00 0.000000000000000000e+00
2.209131837707616411e-02 3.598824676889247204e-02 5.915036682074379520e-02 9.774491224357996499e-02 1.608360751148677770e-01 2.616793957301796758e-01 4.200819239474463673e-01 6.614989943205942247e-01 1.020814427574664007e+00 1.533962689118713252e+00 2.230883709824861949e+00 3.119014708859555451e+00 4.146871632929090445e+00 5.163583283308069483e+00 5.870585120330776618e+00 5.952432073070446528e+00 5.043326786181837385e+00 3.331882495119897314e+00 1.544254082915473836e+00 2.830544459973366456e-01 0.000000000000000000e+00 0.000000000000000000e+00 0.000000000000000000e+00 0.000000000000000000e+00
2.151319317005040768e-02 3.473250864081525724e-02 5.679466718960411720e-02 9.337769401380771606e-02 1.533431434082823119e-01 2.502254399777867899e-01 4.028152109523873703e-01 6.366555402018191367e-01 9.876012191811874841e-01 1.492710357736512172e+00 2.190830709186864844e+00 3.098085759165812636e+00 4.177578542663543004e+00 5.302632137075315555e+00 6.189476060985203532e+00 6.481571164929295747e+00 5.807259947678773848e+00 4.116223719998941100e+00 2.097081476374760278e+00 6.004701618010163111e-01 0.000000000000000000e+00 0.000000000000000000e+00 0.000000000000000000e+00 0.000000000000000000e+00
2.110142589296709267e-02 3.373045800101451969e-02 5.477489871645580682e-02 8.973731328979567268e-02 1.471816974560585800e-01 2.401000424361161567e-01 3.871805731497051095e-01 6.146836242896253077e-01 9.573960119996899332e-01 1.455754319377373207e+00 2.151200781200419687e+00 3.071413193627516414e+00 4.189949882646038404e+00 5.406039422975860376e+00 6.448208665276204066e+00 6.949671643852491698e+00 6.510915239232963003e+00 4.916594987411452067e+00 2.744388669296780048e+00 1.023882843674114973e+00 0.000000000000000000e+00 0.000000000000000000e+00 0.000000000000000000e+00 0.000000000000000000e+00
2.083477638856417666e-02 3.299037316370037609e-02 5.323396887369672564e-02 8.679926885389258051e-02 1.417602774621176120e-01 2.308150325879417264e-01 3.731753725940503141e-01 5.933150142551206763e-01 9.265738918052677242e-01 1.416084906761146733e+00 2.106756101274941173e+00 3.034958062119833322e+00 4.181645206791403169e+00 5.469176984392554175e+00 6.656830406240686671e+00 7.356665308271032266e+00 7.150553933323156031e+00 5.715703846630527885e+00 3.451085172281598723e+00 1.524654274463076442e+00 4.314309404032212747e-02 0.000000000000000000e+00 0.000000000000000000e+00 0.000000000000000000e+00
2.059922156651234834e-02 3.214471881028139327e-02 5.095887448724743807e-02 8.206141068491587531e-02 1.330422750462719739e-01 2.161342098025324232e-01 3.489337214099419993e-01 5.570691455097969147e-01 8.752320044002431798e-01 1.349860225989054419e+00 2.029182647033885623e+00 2.959795564544726254e+00 4.155956693973442029e+00 5.559177221053262841e+00 6.991271139299868764e+00 8.060906313858733796e+00 8.303784333861800704e+00 7.263745237446119773e+00 4.985915727789313578e+00 2.466396815551203048e+00 6.029474919188384519e-01 0.000000000000000000e+00 0.000000000000000000e+00 0.000000000000000000e+00
2.059596873989850280e-02 3.166734356816319762e-02 4.954666956901522534e-02 7.857381273397506805e-02 1.264675631092831432e-01 2.043857740501969777e-01 3.288924397099041164e-01 5.259840808533849943e-01 8.306124155865574066e-01 1.288072601987022114e+00 1.952677113598423331e+00 2.878240188216349971e+00 4.103707779125744359e+00 5.593601230908443078e+00 7.213385429918267810e+00 8.613020685373205865e+00 9.280681645762168586e+00 8.700473087185779164e+00 6.585525831640628880e+00 3.708314720488173233e+00 1.419185516019541460e+00 0.000000000000000000e+00 0.000000000000000000e+00 0.000000000000000000e+00
2.077275994651200594e-02 3.156887399767851349e-02 4.872245359071480236e-02 7.627690489984577382e-02 1.214361993547510565e-01 1.947922202483529375e-01 3.129428637484302222e-01 5.002274915063483762e-01 7.913587115661194771e-01 1.232380221399601794e+00 1.881044979638925252e+00 2.796697430356023251e+00 4.036416754501421345e+00 5.592240287919588937e+00 7.353428356257402321e+00 9.018237802741065678e+00 1.008665252811705848e+01 9.970345314080335086e+00 8.180480621902919580e+00 5.138283074369290659e+00 2.359793246918448162e+00 2.325962867048914362e-01 0.000000000000000000e+00 0.000000000000000000e+00
2.105131254296761789e-02 3.162561609428080761e-02 4.822182543070690358e-02 7.456570275588610131e-02 1.173539539088923195e-01 1.871527220789231116e-01 2.993048964407961088e-01 4.781984494566361432e-01 7.573996456802868371e-01 1.183652432410399191e+00 1.815673878883334647e+00 2.719755207791296758e+00 3.961611588417283780e+00 5.557408326084641637e+00 7.433678217314747982e+00 9.335392249543446042e+00 1.075880635010198638e+01 1.109115681658269637e+01 9.705677696901508611e+00 6.689810708734388989e+00 3.350363685587074425e+00 8.326629315489604277e-01 0.000000000000000000e+00 0.000000000000000000e+00
2.137311082137471896e-02 3.181539145376913180e-02 4.792609524538903043e-02 7.339236555297343201e-02 1.145488380596588057e-01 1.809381591751804130e-01 2.875819855917409185e-01 4.584981441743650743e-01 7.263292110889207898e-01 1.137407188135540759e+00 1.751286979691871970e+00 2.642937944831715846e+00 3.880717326470800366e+00 5.505621542959675097e+00 7.460041293839658749e+00 9.561257015919014890e+00 1.130568028952986381e+01 1.207350820333682151e+01 1.114067815417023333e+01 8.279736942529893895e+00 4.538100469247828173e+00 1.635799168378575530e+00 0.000000000000000000e+00 0.000000000000000000e+00
2.175641471266739208e-02 3.215201534526356680e-02 4.802405637919018866e-02 7.287218059251697466e-02 1.123353609365467382e-01 1.756348312123989786e-01 2.782103511213170899e-01 4.420483930656516902e-01 6.999790612253249389e-01 1.098242015365093138e+00 1.698317111882666097e+00 2.571572413151822278e+00 3.802072581696497533e+00 5.445646168308871715e+00 7.472573271559608266e+00 9.730602877815721641e+00 1.176790278423036007e+01 1.292705459846062510e+01 1.247532326779928091e+01 9.860845912070795194e+00 5.925450405152891342e+00 2.690520007466195906e+00 0.000000000000000000e+00 0.000000000000000000e+00
2.216833112402091105e-02 3.255166746989167359e-02 4.818040562073046956e-02 7.245735921251379719e-02 1.107082568241151838e-01 1.719014021375371015e-01 2.704122969271501309e-01 4.277634939471172126e-01 6.765816921507386006e-01 1.062866635555025807e+00 1.646474467698205713e+00 2.504687828193850496e+00 3.720042145826863322e+00 5.371642356559015674e+00 7.459761103333727661e+00 9.839430703748121232e+00 1.214910300933046727e+01 1.368920674074930943e+01 1.370991807743146751e+01 1.144433819840940458e+01 7.432225808120675126e+00 3.528023582437087580e+00 5.200947477353737858e-01 0.000000000000000000e+00
2.278805627621001764e-02 3.322083017068182265e-02 4.870560754181358504e-02 7.239571498031929786e-02 1.091072567098414353e-01 1.673758831699733440e-01 2.602806410632524936e-01 4.094441675950000192e-01 6.453004354282879662e-01 1.013543230484030833e+00 1.573950980027715829e+00 2.410334762601221481e+00 3.609901178465962257e+00 5.259329883109148618e+00 7.400495845175066201e+00 9.940147734664506629e+00 1.257680563227523685e+01 1.464668940953815657e+01 1.530429109039059909e+01 1.369445815457809523e+01 9.756334549228588671e+00 5.127223495036799861e+00 1.550684883817780912e+00 0.000000000000000000e+00
2.351918941354394152e-02 3.404932263521086300e-02 4.950186330549941754e-02 7.271305301399487442e-02 1.083263614428582877e-01 1.639473669698217617e-01 2.526842808785573768e-01 3.947066486818610054e-01 6.202135542049282968e-01 9.728722781033992684e-01 1.511908178941887781e+00 2.322449059721130471e+00 3.497501679281040943e+00 5.141658284895616937e+00 7.322544492805099559e+00 9.979022140651625961e+00 1.288222947036180166e+01 1.541892288028848768e+01 1.669618633957758647e+01 1.577649679828756568e+01 1.211980545200043480e+01 7.043327529956496136e+00 2.929974422182560545e+00 0.000000000000000000e+00
2.437826360361835393e-02 3.514505976931648484e-02 5.070894619793261948e-02 7.369301992418347824e-02 1.082405110231621781e-01 1.615283468688493707e-01 2.454600780126424686e-01 3.790789130447372868e-01 5.912112274084218022e-01 9.251556084730944152e-01 1.441047946506816224e+00 2.219793508999651888e+00 3.365426674892440850e+00 4.992418190064202399e+00 7.199974297643810139e+00 9.966711772847505202e+00 1.314093294781542554e+01 1.623048555051538244e+01 1.826269992251146590e+01 1.827073644406176101e+01 1.526572762451175436e+01 9.955466968344586220e+00 4.808315707976910325e+00 7.232378453718990574e-01
2.545846186156263888e-02 3.656355155082165881e-02 5.237009094457437813e-02 7.522360901073996131e-02 1.089383832020587584e-01 1.599857247622416823e-01 2.393717055524990922e-01 3.650107168646846700e-01 5.633443384805127963e-01 8.772952405645163543e-01 1.364006003357710606e+00 2.105942507103449657e+00 3.213583488009652989e+00 4.804148799650525881e+00 6.998004273939645081e+00 9.870232147918930110e+00 1.328204836450970561e+01 1.689053660013503588e+01 1.978640738469669103e+01 2.089789969604357012e+01 1.898472147255900211e+01 1.385799166077910627e+01 7.510350805304524258e+00 2.573251048033600608e+00
2.655537432179157914e-02 3.796223742126843270e-02 5.402831304838681681e-02 7.693119738382299400e-02 1.102828849070358747e-01 1.599545578132861856e-01 2.361751742001940990e-01 3.551610882753398757e-01 5.426924776529613581e-01 8.388468753105527975e-01 1.300622891267152248e+00 2.008542021298024505e+00 3.074143372478825853e+00 4.628909028843170681e+00 6.808345048992359594e+00 9.732220880693546405e+00 1.333005550131027483e+01 1.733033020099910360e+01 2.098798119523322114e+01 2.309940353595008844e+01 2.233334832573402906e+01 1.780611378976844961e+01 1.088152323596626481e+01 5.224662152625305644e+00
2.752814895183745836e-02 3.928364167346834468e-02 5.577013866768026212e-02 7.904564051003989955e-02 1.122500243992313462e-01 1.609637913664409004e-01 2.345612423399752178e-01 3.483458854870627452e-01 5.269049615161284228e-01 8.072879191064743498e-01 1.247637003331157457e+00 1.927461305128428171e+00 2.956096048138768140e+00 4.467560187057816989e+00 6.621426091511711576e+00 9.549982955932465600e+00 1.328732912977032399e+01 1.759028617333192201e+01 2.186751977880211228e+01 2.487642421789472280e+01 2.529984830914127869e+01 2.164903441161334641e+01 1.463781606537074786e+01 7.339756711960713886e+00
2.847661358969701823e-02 4.061659596434323560e-02 5.751910914810564462e-02 8.103960187285882966e-02 1.143721564995389822e-01 1.622713283131525519e-01 2.340084998101301383e-01 3.437129902727962261e-01 5.149155429855171162e-01 7.827212900278264218e-01 1.202828914479814104e+00 1.854489846461878422e+00 2.844911360244025911e+00 4.317670652161292644e+00 6.439029486005670933e+00 9.370229948700874445e+00 1.318188737133315058e+01 1.773350342906051935e+01 2.253360012243228994e+01 2.638940104681149634e+01 2.787023766418136006e+01 2.532947246798455154e+01 1.854040760121487352e+01 1.012584984740211702e+01
2.940351054821065471e-02 4.186937236314482169e-02 5.910952426843951724e-02 8.308445536790300123e-02 1.165781022579504972e-01 1.643959646712872258e-01 2.343889758567982706e-01 3.408421677400203520e-01 5.049936830133253673e-01 7.625120318601436020e-01 1.166464232559160985e+00 1.792188734501728886e+00 2.747038610308829565e+00 4.179027301853459164e+00 6.263217059855570312e+00 9.177527324362275252e+00 1.304008239604293706e+01 1.778258487923232778e+01 2.298572601594204912e+01 2.761193726523354997e+01 3.004696950143736345e+01 2.871848488343916017e+01 2.244349051961901864e+01 1.345565673843553789e+01
3.021337529459321505e-02 4.301592815343944359e-02 6.074337827479137780e-02 8.512455438464268387e-02 1.189059495938467603e-01 1.666943911169548598e-01 2.364692337720330773e-01 3.402568248929382921e-01 4.993336362473533852e-01 7.465962807571876469e-01 1.133875800935418621e+00 1.738322767120913381e+00 2.665923583474935743e+00 4.057559230454736543e+00 6.097967938221829698e+00 8.978993418121062220e+00 1.287455230718206955e+01 1.775574021423118154e+01 2.330061070635495923e+01 2.859211509921129135e+01 3.200299460982341060e+01 3.182050246936723781e+01 2.636233686583668856e+01 1.702412675869589265e+01
3.104988265315246701e-02 4.425179893246863200e-02 6.237878841372928446e-02 8.719677375360238014e-02 1.214758707910953139e-01 1.694722394372068786e-01 2.383736940122155590e-01 3.398828799442766835e-01 4.942584009778501208e-01 7.332457738279944959e-01 1.107280407169939140e+00 1.689469215701987714e+00 2.585528939249419622e+00 3.944138496115690895e+00 5.947139344455846022e+00 8.798262119336172304e+00 1.270456349655359851e+01 1.770031652437495140e+01 2.352345336575731949e+01 2.939540007870719762e+01 3.369294759250846027e+01 3.458912463674298010e+01 3.012719782904268584e+01 2.084795397155597385e+01
3.177279866412265757e-02 4.521846885056847454e-02 6.378431586875815684e-02 8.920032125309562687e-02 1.239456372256994704e-01 1.721385967991999610e-01 2.403362166715052317e-01 3.402858609530942657e-01 4.909504456536627481e-01 7.234620014999312287e-01 1.084970707806007351e+00 1.648388641728838033e+00 2.519884086379077459e+00 3.840830244314723974e+00 5.805301236418082489e+00 8.623589633206758975e+00 1.251492633386210862e+01 1.758762792737499225e+01 2.364466169590913935e+01 3.003433661117554365e+01 3.517277631433541529e+01 3.715250324010622762e+01 3.379485030882357677e+01 2.480048830093810963e+01
3.319111269078166976e-02 4.735958758348417924e-02 6.669366794631630124e-02 9.308248758185347360e-02 1.289271898417482798e-01 1.779210789627585498e-01 2.463599539227185609e-01 3.444183611513598198e-01 4.888009101924967181e-01 7.094763631783578273e-01 1.049529688840789010e+00 1.581197157491001981e+00 2.402694424048039679e+00 3.656397771770350857e+00 5.537062195469713899e+00 8.287939692933688818e+00 1.214591552451208933e+01 1.730095811724692823e+01 2.370500111222009920e+01 3.085384702466417650e+01 3.746211435218161512e+01 4.143888303408419205e+01 4.036806058418029153e+01 3.257959766575736893e+01
3.445436013843394818e-02 4.920906980132887937e-02 6.933853526428389313e-02 9.671158501405313634e-02 1.337043374267990192e-01 1.837795183408759414e-01 2.527340402310503387e-01 3.496426116245373583e-01 4.900483969286801300e-01 7.009504521809689637e-01 1.024958405699865738e+00 1.526779691505331771e+00 2.305485753282486616e+00 3.502883678565130499e+00 5.310186452823763226e+00 7.977519755872138241e+00 1.177768585246515443e+01 1.696263190780335250e+01 2.361926725019290885e+01 3.137211338634664770e+01 3.915889367916506814e+01 4.489964588790252975e+01 4.611651261724082929e+01 4.018279417142982624e+01
3.558294970680149494e-02 5.088136817930648259e-02 7.181513689958542168e-02 1.001672013306977860e-01 1.382948710646932644e-01 1.895107537926633556e-01 2.588471711303676481e-01 3.556325034000609175e-01 4.937618843340220720e-01 6.977375341470484216e-01 1.007010863433750902e+00 1.486563561841008019e+00 2.230010184010546848e+00 3.375972402231342873e+00 5.115046851662878424e+00 7.699704005956553132e+00 1.143597574414853213e+01 1.660938089178464594e+01 2.337930919288157838e+01 3.153224466425568906e+01 4.030357470104309670e+01 4.762906842096614923e+01 5.093684265324240101e+01 4.726301219644690832e+01
3.661948501727169125e-02 5.244288552559001060e-02 7.408810532906374979e-02 1.033750796994593879e-01 1.427292626880902471e-01 1.950722532455493319e-01 2.658456336931500630e-01 3.628793501404503630e-01 4.996281737662274236e-01 6.987257079486859368e-01 9.989649653305363586e-01 1.458464601384951820e+00 2.170562320375379883e+00 3.265989443716251106e+00 4.942673435004254934e+00 7.451157290789348409e+00 1.110079814613957794e+01 1.622849536766877065e+01 2.308718626356749581e+01 3.159293621108067285e+01 4.111977393332237085e+01 4.987232106354444738e+01 5.512637782026908440e+01 5.378738393388925232e+01
3.756555001052890724e-02 5.385752043236061853e-02 7.613245763306165925e-02 1.063288635893997608e-01 1.468126664408382076e-01 2.006479801530460794e-01 2.726314209084138018e-01 3.703269617210624420e-01 5.066251204542964182e-01 7.025610115764402419e-01 9.930091605752220385e-01 1.435543775118099941e+00 2.117511484285797163e+00 3.174570596892468455e+00 4.792077552930336992e+00 7.230639756313349764e+00 1.080138792758936539e+01 1.587257338825751773e+01 2.277066182001651384e+01 3.152989810988035302e+01 4.161236045257359706e+01 5.165378141861343408e+01 5.863045957512412087e+01 5.957281681066469758e+01
3.924806989510797733e-02 5.639324654655279712e-02 8.003653636712654285e-02 1.119171135464878952e-01 1.545263198893694345e-01 2.111493270206161732e-01 2.861702304396275820e-01 3.859134996307305165e-01 5.218733861132281993e-01 7.132577527222002667e-01 9.913862306817239345e-01 1.407084347582842065e+00 2.046123884691990913e+00 3.028955181875917724e+00 4.540874841300949427e+00 6.836909732988185162e+00 1.026563497950439796e+01 1.519540451367348233e+01 2.204814379204123398e+01 3.110249268751950424e+01 4.210091527102514419e+01 5.403786655771017422e+01 6.428083546964730033e+01 6.920635499467687168e+01
4.064836499768297723e-02 5.855896352094615287e-02 8.323726390530655772e-02 1.166830821805963786e-01 1.613891653430289119e-01 2.204575639831743705e-01 2.982069464768329903e-01 4.009995138470959786e-01 5.389881533090996601e-01 7.284222037459507915e-01 9.986264119249070870e-01 1.395901642111679886e+00 1.997171986625472684e+00 2.922505334797570686e+00 4.349100500427571347e+00 6.523983453321278603e+00 9.785481138201159723e+00 1.458066452456618300e+01 2.134772316303658712e+01 3.045891733262778445e+01 4.201460211707723857e+01 5.524812041726322320e+01 6.814097337402658638e+01 7.684507467409143544e+01
4.248382561549832181e-02 6.139904461980257716e-02 8.749637436407028956e-02 1.230727730611896886e-01 1.705500249784748790e-01 2.333930656451600194e-01 3.158085552353963044e-01 4.234950660429175895e-01 5.654388791879005893e-01 7.560932801550710458e-01 1.020569447417478237e+00 1.400291518139988423e+00 1.963381726795544902e+00 2.822079164073556967e+00 4.137194947087587060e+00 6.151761350564081354e+00 9.211967712430777055e+00 1.375531292245656800e+01 2.030762104843327265e+01 2.941753366134368619e+01 4.145009693326559130e+01 5.602319895679591610e+01 7.178363138463605253e+01 8.540875488890669942e+01
4.486498854663577285e-02 6.512809238524104594e-02 9.328040442054805204e-02 1.317298887141859220e-01 1.833733324289252564e-01 2.517916153498922505e-01 3.413569122773120745e-01 4.575029419594155433e-01 6.086189774461657764e-01 8.065619564437741529e-01 1.070938284906918003e+00 1.437201648906954787e+00 1.962247948611995696e+00 2.740978478930695683e+00 3.924691777154173611e+00 5.736005351948873177e+00 8.499367563593594355e+00 1.267281822267811009e+01 1.885800766886649527e+01 2.768700162761974326e+01 3.977804782557190322e+01 5.557132340963782013e+01 7.430381445571117638e+01 9.378935863866118439e+01
4.677005208288560756e-02 6.805352003249734438e-02 9.780457304875769808e-02 1.385663458485820176e-01 1.937449196617012925e-01 2.670697562042446682e-01 3.629898270289977358e-01 4.873398710830772473e-01 6.471859341876157190e-01 8.541616088005131724e-01 1.126225373169899457e+00 1.490916486648648620e+00 1.998340572758540157e+00 2.733088260012983550e+00 3.827906382424853593e+00 5.494026746750636292e+00 8.036360277207727165e+00 1.189731512540675062e+01 1.767844601035755403e+01 2.615419481354763676e+01 3.809305998526294701e+01 5.422172083385321883e+01 7.451219808746274964e+01 9.766208646454565212e+01
4.948922845632258705e-02 7.242723951375297509e-02 1.045949210995206907e-01 1.491266036075163670e-01 2.096812873913223574e-01 2.907902281906447617e-01 3.975247763139396762e-01 5.364155206589453773e-01 7.147994132267289080e-01 9.431216800807332712e-01 1.234992955390082914e+00 1.612955309187865671e+00 2.115671817922379461e+00 2.809276092233876199e+00 3.803065200881209140e+00 5.277009995592346847e+00 7.500313116948773562e+00 1.089987788913062516e+01 1.604954487985335732e+01 2.373229356409438395e+01 3.494194104970014081e+01 5.077261892197510917e+01 7.218276739247069429e+01 9.906697016926884203e+01
5.141246934054118090e-02 7.550879695892381838e-02 1.094522674751265967e-01 1.567347652405000624e-01 2.214395581034248328e-01 3.086030074704694814e-01 4.242621607417800256e-01 5.751866402893464070e-01 7.698772997261488227e-01 1.018029801072664275e+00 1.333131640225648562e+00 1.734680068261476915e+00 2.252836114721265659e+00 2.944798880033039357e+00 3.899043130356633746e+00 5.267391153979673390e+00 7.289155279087153438e+00 1.035476024563335784e+01 1.502078967987924329e+01 2.205923483887788450e+01 3.251489833870926560e+01 4.768087842901135076e+01 6.890069314584275162e+01 9.705995753978862695e+01
5.289315572723921055e-02 7.789234421506545381e-02 1.133296945228027958e-01 1.626271166053254447e-01 2.306311861564010468e-01 3.227386935803659984e-01 4.453862181157234312e-01 6.065865932710046149e-01 8.151392346435346603e-01 1.081706574670243226e+00 1.419559491309583255e+00 1.846042285971779773e+00 2.389954081766929139e+00 3.093233179490670004e+00 4.037404777848466964e+00 5.357080215268766210e+00 7.257427447121488129e+00 1.009112547599563214e+01 1.438381012208299659e+01 2.086918166499161131e+01 3.064761660925617903e+01 4.500210208050913963e+01 6.562661042081475671e+01 9.391529670543174291e+01
5.396255815909532794e-02 7.963024064250363854e-02 1.162229545460163882e-01 1.674063095001270263e-01 2.380123244453684894e-01 3.342783034470184766e-01 4.629861503681539925e-01 6.330305919599157338e-01 8.541497657423692269e-01 1.136768357372985427e+00 1.495696348760402250e+00 1.946648793616800877e+00 2.518872200297952446e+00 3.247667324655534316e+00 4.200280260802029986e+00 5.491897361904233499e+00 7.319370936549847606e+00 9.986260887598334079e+00 1.401579014342170915e+01 2.008255026979487567e+01 2.924203336770644057e+01 4.285792861690035238e+01 6.267150620169340414e+01 9.058944033193364476e+01
5.499351011156880520e-02 8.126074806220635882e-02 1.186749472247474319e-01 1.713831709107074275e-01 2.443389639540085034e-01 3.439395699921139471e-01 4.776998397254976769e-01 6.551796551671803526e-01 8.863176523079789870e-01 1.183703228016995679e+00 1.562587116668110898e+00 2.039693592480259721e+00 2.638535319431410286e+00 3.394685263964548838e+00 4.362831754046385235e+00 5.653518870116121420e+00 7.435025539288337981e+00 1.000481253127319192e+01 1.380304762674404984e+01 1.953451271590594374e+01 2.816296711618805659e+01 4.108062018246472746e+01 6.019219711105568393e+01 8.749023416056830627e+01
5.559624854543050027e-02 8.240883542800915562e-02 1.207108857905381943e-01 1.746325259236549687e-01 2.493889796171560869e-01 3.517673008108991306e-01 4.901317612023231018e-01 6.741095428119923127e-01 9.149661619891701347e-01 1.226014001322578206e+00 1.621853441198796819e+00 2.121699341872694156e+00 2.747558570134090328e+00 3.534328351523265521e+00 4.529889566077446972e+00 5.830350097819207988e+00 7.595573449546760614e+00 1.008746015393661288e+01 1.370675472225712177e+01 1.914828636645244941e+01 2.736256911067788877e+01 3.973483866801708331e+01 5.805967889955766736e+01 8.471221322754834659e+01
5.598328184797497081e-02 8.319521210855064519e-02 1.221394387844375040e-01 1.772140344554464786e-01 2.538049496499684698e-01 3.588132156807691819e-01 5.011443203406240610e-01 6.906027224040753865e-01 9.399194058269193519e-01 1.263032695484175960e+00 1.675435900551463186e+00 2.197005129270610535e+00 2.849941025896799207e+00 3.665984982862119157e+00 4.693218624827002472e+00 6.016078203132293467e+00 7.773543580800406083e+00 1.021042422688863915e+01 1.371626668277851024e+01 1.892319500986425496e+01 2.676422033803259026e+01 3.857991594653080369e+01 5.621077782010822688e+01 8.206744511221991445e+01
5.676393249670391022e-02 8.459850385844012999e-02 1.246527972539045459e-01 1.813776932427684507e-01 2.609429373458101997e-01 3.703621916926380653e-01 5.191144292461474796e-01 7.187328466018487738e-01 9.823315158509809963e-01 1.326135440109549979e+00 1.768467784620680217e+00 2.329130578666456675e+00 3.033585987155538177e+00 3.907229111963089085e+00 5.000287506321282827e+00 6.378733193361703968e+00 8.161019522180126273e+00 1.055356256127314651e+01 1.391033029855334924e+01 1.877237473013268598e+01 2.604656665921297076e+01 3.697134869877537966e+01 5.343434448805322745e+01 7.767015836987850719e+01
5.796588214870733446e-02 8.653885231856081606e-02 1.280950561598483695e-01 1.863548355739453322e-01 2.687440533260250231e-01 3.832180999522589171e-01 5.397198750376586140e-01 7.509517154270179962e-01 1.032190235048142002e+00 1.401433155658484253e+00 1.879793544460913290e+00 2.488901787406064159e+00 3.258751063696444739e+00 4.219919391391592001e+00 5.409969960098568897e+00 6.886494224067935654e+00 8.751521302630635546e+00 1.116455805783552968e+01 1.442912671810696246e+01 1.902001180400297287e+01 2.567666681008788743e+01 3.562868558207965464e+01 5.052859082152874493e+01 7.285824594976008939e+01
5.876901905617291227e-02 8.804732207972428004e-02 1.304612341085594207e-01 1.911878114257317962e-01 2.770492750627414069e-01 3.969731462129876820e-01 5.625326271729046423e-01 7.876281198184649224e-01 1.090437452857381473e+00 1.492242720710622805e+00 2.016156755072531670e+00 2.692811927301013153e+00 3.551796859685386387e+00 4.632907872713524888e+00 5.976014555132159067e+00 7.631565056423149862e+00 9.681278630850115974e+00 1.225309664511186014e+01 1.554823587207975066e+01 1.996903722361497557e+01 2.613351420087405330e+01 3.503649716484463994e+01 4.829224985192781361e+01 6.809476553671917998e+01
5.903304213411612184e-02 8.896423844044673568e-02 1.326176615216390353e-01 1.956242022481394227e-01 2.853279001136552195e-01 4.117297751875050316e-01 5.876948667415157201e-01 8.298187377995543956e-01 1.159635194305109973e+00 1.601388508483796436e+00 2.188754481773445004e+00 2.955812735890220644e+00 3.947149180727977935e+00 5.208272581334486340e+00 6.791554163456645199e+00 8.757095296810513574e+00 1.117745974286969357e+01 1.414377886824539310e+01 1.781279223757906038e+01 2.241635316997207639e+01 2.841985521684878790e+01 3.655055488400576991e+01 4.805421470205858014e+01 6.488443211407128786e+01
5.952472027897456192e-02 9.002762845797743219e-02 1.347811297891355065e-01 1.997971906116211005e-01 2.929611283172270930e-01 4.253495562838311428e-01 6.112274461765857536e-01 8.701173368302322908e-01 1.225967703057061708e+00 1.711512667910630059e+00 2.364500160523629546e+00 3.233993869696075496e+00 4.378835544970236526e+00 5.865563822935970784e+00 7.773995470377262684e+00 1.018179618160197464e+01 1.318542080529174854e+01 1.689374119846654665e+01 2.142063388982032279e+01 2.692699051462639304e+01 3.367556947515593180e+01 4.211451499936382703e+01 5.307474254163808780e+01 6.795602454403149295e+01
5.969177033682462885e-02 9.074311837512993861e-02 1.364971975280409033e-01 2.031589529320665666e-01 2.995338270073762410e-01 4.374891788152789340e-01 6.330413403165303654e-01 9.081316078702540429e-01 1.290804137414696129e+00 1.819278329178518394e+00 2.542407026986567509e+00 3.522598256069427336e+00 4.840206905397522519e+00 6.590649608237174384e+00 8.890756245150519987e+00 1.187949491537731461e+01 1.571238469594933562e+01 2.056466695121511634e+01 2.661589956519342692e+01 3.407241120690337510e+01 4.313442639169613813e+01 5.411241873233994681e+01 6.740081031538768741e+01 8.369897976971782327e+01
