2.229587050329314979e-01 2.015340177362048568e-01 1.641070229446158768e-01 1.161972701420053294e-01 6.537075797210796513e-02 2.552610343036667076e-02 5.241519592933450641e-03 0.000000000000000000e+00 0.000000000000000000e+00 0.000000000000000000e+00 0.000000000000000000e+00 0.000000000000000000e+00 0.000000000000000000e+00 0.000000000000000000e+00 0.000000000000000000e+00
2.262277767701382225e-01 2.159702443659834159e-01 1.891120306639432203e-01 1.479717248610041558e-01 9.819106466311586234e-02 5.016164362406897587e-02 1.641115934823784636e-02 2.369986904082953608e-03 0.000000000000000000e+00 0.000000000000000000e+00 0.000000000000000000e+00 0.000000000000000000e+00 0.000000000000000000e+00 0.000000000000000000e+00 0.000000000000000000e+00
2.207573378661418784e-01 2.245148849623392340e-01 2.148885375787498719e-01 1.886383161305651424e-01 1.483162705009640203e-01 9.922648992385990629e-02 5.162724866033131799e-02 1.754216743042336102e-02 2.706926403698849213e-03 0.000000000000000000e+00 0.000000000000000000e+00 0.000000000000000000e+00 0.000000000000000000e+00 0.000000000000000000e+00 0.000000000000000000e+00
2.102629716567605833e-01 2.221012522381117238e-01 2.231005975138366793e-01 2.101694130479920264e-01 1.807119996897464942e-01 1.383261625181095578e-01 8.866513718008264822e-02 4.316071165754326727e-02 1.324932229579085102e-02 1.540099524892138720e-03 0.000000000000000000e+00 0.000000000000000000e+00 0.000000000000000000e+00 0.000000000000000000e+00 0.000000000000000000e+00
1.818441544979096658e-01 2.025845411470375279e-01 2.180767072436679554e-01 2.241073555348397639e-01 2.175244067928548131e-01 1.949091008567205296e-01 1.575222059324987434e-01 1.102991598811977891e-01 6.133695163059339067e-02 2.401598502434629245e-02 5.152195033293346417e-03 0.000000000000000000e+00 0.000000000000000000e+00 0.000000000000000000e+00 0.000000000000000000e+00
1.585012451516846221e-01 1.821699179051919637e-01 2.029698403393832840e-01 2.184987452136273878e-01 2.244129782384799154e-01 2.178112237879058222e-01 1.952511551011006097e-01 1.579458610033675214e-01 1.107026004808147474e-01 6.181689378103071009e-02 2.448554899160551579e-02 5.500638182366524194e-03 0.000000000000000000e+00 0.000000000000000000e+00 0.000000000000000000e+00
1.404394279732901485e-01 1.646910404923735138e-01 1.878933207995946431e-01 2.078436511933694220e-01 2.212059242240796975e-01 2.245427456689087775e-01 2.145795669352971446e-01 1.882167914778967166e-01 1.482970844078648487e-01 9.963144321459699304e-02 5.248322181919766460e-02 1.896895090861906025e-02 3.504353497402970356e-03 0.000000000000000000e+00 0.000000000000000000e+00
1.259806224243915640e-01 1.496239147770582478e-01 1.736261530802951369e-01 1.959254661680518428e-01 2.139657294510472207e-01 2.240599256323668742e-01 2.229205163963401126e-01 2.072335113280873997e-01 1.752372266439252424e-01 1.314066179283729097e-01 8.155559530999398343e-02 3.846047977037644200e-02 1.172284927179579467e-02 1.101188967560522928e-03 0.000000000000000000e+00
1.048998080759857426e-01 1.269637826164363159e-01 1.504232902482025569e-01 1.743982700583523726e-01 1.963905384068886928e-01 2.143731614212345538e-01 2.245766866995558275e-01 2.232020302890994068e-01 2.074194924280498287e-01 1.756242340828334803e-01 1.317302679717803071e-01 8.192810350983145695e-02 3.877706238287048635e-02 1.207779907276856218e-02 1.182286551487486161e-03
9.004652225038466129e-02 1.103680960593981797e-01 1.328821631811536452e-01 1.565219054349019923e-01 1.802850884431415890e-01 2.016689093554918100e-01 2.182099036495021294e-01 2.260382471862814602e-01 2.218188801991557713e-01 2.021550546813670746e-01 1.669960994426110679e-01 1.209848687925418748e-01 7.163393267417780819e-02 3.141594725086535589e-02 9.320328348817179254e-03
7.906526948762170048e-02 9.764005306200006229e-02 1.188390563945382061e-01 1.418842247536660217e-01 1.659311248112786685e-01 1.891029059826279390e-01 2.089429856195334501e-01 2.227122841535748854e-01 2.263763669886504071e-01 2.170715322504090383e-01 1.912335241633063010e-01 1.516794919288086407e-01 1.030362587653182449e-01 5.551034714863973402e-02 2.576729403098484278e-02
7.089849924815889992e-02 8.804028072714023545e-02 1.078643952428021552e-01 1.300508191519046397e-01 1.536127301225023445e-01 1.775440978109741885e-01 1.993277340314055235e-01 2.169069883519414155e-01 2.264331669570756878e-01 2.242703699803777762e-01 2.073443095342484277e-01 1.744790827578969472e-01 1.299397047304478581e-01 8.014624379259799314e-02 5.070037692605956076e-02
6.435896352902287232e-02 7.998106697924245445e-02 9.853890887749884586e-02 1.197205790593592056e-01 1.429105384200848872e-01 1.668833940407970506e-01 1.900248796763452375e-01 2.098963288521806525e-01 2.236083149748390453e-01 2.271123757195292192e-01 2.174849657598215136e-01 1.915800401631725658e-01 1.520538631642036898e-01 1.034741518609289118e-01 8.239525177311207704e-02
5.926836463201411859e-02 7.369091812644025519e-02 9.103878704557635815e-02 1.112242996738068979e-01 1.336661385365218446e-01 1.573820721271310952e-01 1.812268006780866914e-01 2.026150180290147151e-01 2.192768697991698545e-01 2.273041801989428845e-01 2.234373059035468512e-01 2.043345988581824757e-01 1.699052589834521010e-01 1.242208007679637544e-01 1.190226862690318688e-01
5.489762403229915544e-02 6.832149748907777320e-02 8.465989811163700252e-02 1.038738791324836930e-01 1.256743923073086466e-01 1.490090492119465482e-01 1.727971302750808402e-01 1.952904789172049960e-01 2.141991978203287572e-01 2.259085450823366537e-01 2.265934343930171291e-01 2.133314582083019328e-01 1.839827387108176893e-01 1.418599494406538042e-01 1.591958831691920040e-01
5.154088657742187524e-02 6.392000362850322470e-02 7.926203061297334984e-02 9.747979603498363455e-02 1.183999258645507952e-01 1.412472128684875983e-01 1.651108804711529932e-01 1.884322174024312957e-01 2.087294918028728130e-01 2.233828611536849140e-01 2.280359083343571902e-01 2.198388361070852393e-01 1.956646257055969784e-01 1.572025015766481681e-01 2.013722392219557400e-01
4.847665881111771352e-02 6.015832914174980978e-02 7.447304147645156247e-02 9.189180630814750006e-02 1.120988675092307318e-01 1.344662334433324169e-01 1.582167309900815166e-01 1.817031495758125448e-01 2.029330398175001049e-01 2.197358227730312474e-01 2.276411543869928389e-01 2.239619550144971438e-01 2.047542366342887110e-01 1.700214523409569189e-01 2.444894779327005385e-01
4.635075540743346240e-02 5.711983259823800313e-02 7.077786028412190455e-02 8.735420594462194044e-02 1.066084169189365355e-01 1.283904211337149881e-01 1.516794365865780925e-01 1.756227126793718230e-01 1.980414147129799241e-01 2.161642496726073059e-01 2.268765270597232486e-01 2.265009514321000561e-01 2.118966854539404421e-01 1.810900496755612210e-01 2.881215785881252045e-01
4.474111734231988463e-02 5.485209306891475345e-02 6.762162152235386137e-02 8.328497940740708927e-02 1.019322279921185542e-01 1.231051803457293425e-01 1.459657420518077620e-01 1.698868894497429227e-01 1.926822403678039308e-01 2.122300904232484187e-01 2.252908636753169491e-01 2.280925396120480897e-01 2.174742947156612094e-01 1.907985547526760417e-01 3.316096835996963366e-01
4.345950355465981463e-02 5.290701190937541903e-02 6.499139037203820191e-02 7.993511593104819790e-02 9.781073822542823981e-02 1.183133184982414765e-01 1.409166117234370852e-01 1.646700677897476595e-01 1.878872935128003407e-01 2.083534243127209418e-01 2.232868622452749141e-01 2.286969490599994048e-01 2.216065370523844502e-01 1.986592171093264081e-01 3.743994041892104718e-01
4.251566875250705618e-02 5.142416191196447217e-02 6.286844682932131445e-02 7.700001625333008359e-02 9.402560214451126386e-02 1.140261083501485639e-01 1.360126224938311423e-01 1.593550377716231869e-01 1.827384305710099133e-01 2.040111297806514179e-01 2.205836468839107722e-01 2.281831955130981804e-01 2.241082131588371107e-01 2.049776244152718419e-01 4.157030208903622071e-01
4.144150573109078861e-02 4.924644937323294225e-02 5.945124964221309982e-02 7.227202574417090908e-02 8.804847777806446008e-02 1.066205167238669788e-01 1.276865596637639377e-01 1.504998710354346902e-01 1.741467779780090097e-01 1.964504471432659549e-01 2.150422978302888311e-01 2.266735032432436459e-01 2.276580014670404606e-01 2.150716449460642055e-01 4.938519289642043786e-01
4.083802612123426518e-02 4.790053958829858932e-02 5.693891095237579164e-02 6.871002531043608752e-02 8.327318759209614840e-02 1.004965102843186769e-01 1.205523515553487135e-01 1.428073427157325603e-01 1.661521023363264904e-01 1.889982192207007583e-01 2.090597405847420265e-01 2.237246615332524058e-01 2.289539608408729665e-01 2.217404289679555107e-01 5.666988931523491146e-01
4.072458479250178759e-02 4.711805562999668573e-02 5.529068682716620914e-02 6.599252618835446671e-02 7.937170702612879325e-02 9.562592631368954654e-02 1.146453155408180685e-01 1.360508893523287854e-01 1.589470162814657361e-01 1.820342635270341680e-01 2.030869333049210024e-01 2.199774091225920325e-01 2.288058422292660876e-01 2.259234849946675783e-01 6.322635563533607339e-01
4.080932651689677532e-02 4.664560675446620397e-02 5.407023383429122865e-02 6.378494039188088716e-02 7.626777533741105342e-02 9.146637201321729249e-02 1.095928358663950802e-01 1.302062219323645298e-01 1.526487951499835294e-01 1.756781954875787088e-01 1.974601666425540580e-01 2.158486144777269911e-01 2.272996482267541918e-01 2.282893230443817090e-01 6.916393640205699134e-01
4.106491100630214192e-02 4.637312279918429786e-02 5.322912829068032065e-02 6.227494715981882201e-02 7.375120003238784527e-02 8.789127360633600117e-02 1.050808314247674430e-01 1.248613193769149837e-01 1.466745559461154480e-01 1.694273948121589324e-01 1.918475404047240984e-01 2.113965180807785837e-01 2.251166499157619127e-01 2.290113022998947478e-01 7.443379425057273791e-01
4.150861274796028427e-02 4.647806062220590645e-02 5.286580809189957153e-02 6.108858604767192918e-02 7.160133393768010335e-02 8.503204681713678881e-02 1.013190641559328781e-01 1.203279862101785808e-01 1.416109169384341948e-01 1.642900900411099208e-01 1.866459699415200235e-01 2.070708078590944023e-01 2.226035760278660958e-01 2.293197876160867621e-01 7.915319102757918390e-01
4.203126584331288995e-02 4.663887566010114366e-02 5.257581413471371784e-02 6.021572556970822276e-02 7.009099511984535902e-02 8.266038380851069289e-02 9.804957230736600915e-02 1.163069874601095344e-01 1.370436277574611783e-01 1.592647830734641168e-01 1.817678137331985300e-01 2.025787772465181824e-01 2.195164675585426495e-01 2.288613467554154735e-01 8.337605324893827552e-01
4.290374511769365351e-02 4.716051695766822205e-02 5.254560972845429695e-02 5.936648052267917003e-02 6.826418846650784966e-02 7.958242487857487835e-02 9.385995336272437428e-02 1.109350438303916692e-01 1.306826158924958570e-01 1.522337500687075129e-01 1.748834665559164947e-01 1.965434016512161430e-01 2.148772956233690468e-01 2.269613795940861045e-01 8.873392860039058805e-01
4.398182270673982319e-02 4.794310045644951945e-02 5.279116940532291302e-02 5.895759119911887086e-02 6.688592954203731455e-02 7.727182143721912644e-02 9.049319391835708437e-02 1.066264423506795012e-01 1.254393645066021190e-01 1.462231322162085567e-01 1.684968545000610496e-01 1.903851734199419887e-01 2.100210648615031817e-01 2.244944677809842248e-01 9.317833616644710659e-01
4.540297326517829524e-02 4.912223021493101333e-02 5.352000004623012896e-02 5.893117558115329446e-02 6.592083966389056249e-02 7.508664092994277173e-02 8.693224752195977123e-02 1.016524259967356431e-01 1.192855001864075309e-01 1.393630400111227907e-01 1.610320485010670877e-01 1.831648139419323751e-01 2.038713355027727547e-01 2.206580581844037880e-01 9.793257621803472812e-01
4.724288744354992325e-02 5.074162415758414618e-02 5.464941299474306707e-02 5.933174430690978107e-02 6.531893583762446442e-02 7.324853167130700171e-02 8.372815761447321981e-02 9.688015168959301926e-02 1.131241183736118455e-01 1.319093531748016246e-01 1.527583005076916245e-01 1.748679411399034489e-01 1.961446547502178894e-01 2.144006086571638992e-01 1.021379258321498007e+00
4.905554881544593737e-02 5.235887296756545906e-02 5.590251581740274256e-02 6.008032716739279688e-02 6.532491960227394812e-02 7.229608113542654313e-02 8.149419768271527753e-02 9.334675563017648392e-02 1.081801189091894516e-01 1.257854287048372210e-01 1.456884617955602756e-01 1.672565272802285230e-01 1.889563104895563839e-01 2.085326378584804741e-01 1.051884551192401540e+00
5.076642478825599963e-02 5.404928708741432025e-02 5.744859343791677841e-02 6.116874929024156832e-02 6.575697982639963635e-02 7.182371086913313940e-02 7.995285479244491900e-02 9.065217637915314042e-02 1.041281603884708917e-01 1.206629455827096797e-01 1.398021335542304622e-01 1.608276849362872407e-01 1.823406341140403342e-01 2.027700454911288142e-01 1.071313437685298853e+00
5.248819785884605710e-02 5.575174511475063099e-02 5.890520923452950697e-02 6.233653682287312869e-02 6.630827194366124833e-02 7.167287095192531599e-02 7.890930910296081735e-02 8.860778166403811273e-02 1.009762195070666169e-01 1.163396713306980301e-01 1.345097130356059933e-01 1.547717824544948828e-01 1.762008789656950847e-01 1.971502599414371726e-01 1.084251540187778140e+00
5.411172609277299650e-02 5.729677519773553745e-02 6.039755096052012301e-02 6.354907416261189324e-02 6.718870296217666072e-02 7.181164687575875005e-02 7.826857051826693890e-02 8.692104782145720909e-02 9.838103089794071610e-02 1.128335050722239774e-01 1.299992353647650145e-01 1.494432464913314496e-01 1.705289296374058738e-01 1.917410390357112138e-01 1.090911957272414634e+00
5.559253957350260983e-02 5.888267899137611394e-02 6.188629681603333849e-02 6.482601949886450388e-02 6.813702482209485489e-02 7.246121174700957679e-02 7.815319927897405872e-02 8.596830588323094158e-02 9.634746511617929554e-02 1.096958775595146818e-01 1.260933116793791220e-01 1.450280569697077471e-01 1.655695344371250211e-01 1.866665802993343892e-01 1.093002632804346286e+00
5.719032796608185254e-02 6.047025729448905762e-02 6.339672008710500739e-02 6.623194667045466388e-02 6.928483577386408687e-02 7.305921615047038242e-02 7.808669769689359497e-02 8.511099324572979352e-02 9.464087394594515590e-02 1.071351450495379165e-01 1.225610937676681889e-01 1.406536326595470288e-01 1.609256257531147816e-01 1.820318511078296841e-01 1.092903806740395112e+00
5.844287972693784639e-02 6.183058710214690834e-02 6.485398613806449275e-02 6.758424072498528390e-02 7.038525029096895369e-02 7.367383561077629761e-02 7.819344055079296973e-02 8.455526127955319271e-02 9.339311064941788199e-02 1.049909174473957207e-01 1.195893440254359452e-01 1.370870982722681986e-01 1.567095464578575348e-01 1.776724332249105531e-01 1.089721048669818781e+00
6.120695797414892059e-02 6.465627034413602703e-02 6.768088268658353779e-02 7.030815766363333885e-02 7.276156458184704356e-02 7.553813195288644478e-02 7.917237867692354658e-02 8.421709641872486551e-02 9.162139136417350727e-02 1.015874483542235085e-01 1.147342059517803825e-01 1.307220166916464588e-01 1.491843447303833337e-01 1.694470254919535901e-01 1.078045567389734005e+00
6.359633174556994506e-02 6.721943831444407436e-02 7.032128960178871124e-02 7.291865636119188032e-02 7.516611089727494310e-02 7.750997687477660658e-02 8.039506928929691931e-02 8.446133291314114611e-02 9.054658262553363923e-02 9.923989631153419533e-02 1.108098454895348334e-01 1.254459845275774088e-01 1.429216025403057255e-01 1.624944236516077389e-01 1.062792843790123953e+00
6.575500483975933730e-02 6.961806761876880578e-02 7.283509992532713473e-02 7.542536787172508805e-02 7.752114279351403348e-02 7.939752323643135823e-02 8.178546280356766007e-02 8.512758448228553709e-02 9.016019229860483541e-02 9.753004817926667902e-02 1.079079142765345389e-01 1.213573755702112567e-01 1.377478660110743325e-01 1.565226329694034968e-01 1.044532990718308518e+00
6.777103939176612468e-02 7.182023737553711040e-02 7.516729105605618466e-02 7.784629205679047259e-02 7.979931807527861076e-02 8.155228245031395651e-02 8.346794749407643321e-02 8.615496357779459102e-02 9.031111448282924670e-02 9.677353442567492026e-02 1.058956455145625281e-01 1.181382251565144259e-01 1.332763535391351395e-01 1.512440692620939109e-01 1.025515126444520364e+00
6.959568033610731563e-02 7.380283994206242315e-02 7.731340729827566871e-02 8.007363253751759169e-02 8.208237520438754764e-02 8.364180107123808661e-02 8.519482759884461354e-02 8.737473567838972832e-02 9.082961643144682462e-02 9.621994607271079636e-02 1.042584336325271671e-01 1.152696153365581622e-01 1.295529080859822435e-01 1.466428827752116471e-01 1.006993279005271802e+00
7.286881552943137719e-02 7.757915142910827566e-02 8.137559189786205960e-02 8.428048815666297489e-02 8.638098646522605895e-02 8.780413024156771828e-02 8.880050491981635041e-02 9.003398856567106090e-02 9.224601503918018752e-02 9.610457690290244437e-02 1.022324163723287854e-01 1.114183507995141903e-01 1.236414901831328211e-01 1.389672020263654217e-01 9.696113296356888567e-01
7.566312074817510558e-02 8.067907136660482093e-02 8.483613875622425526e-02 8.802215285545025858e-02 9.019078880742262272e-02 9.150361879961184386e-02 9.227907273887313300e-02 9.300556029452244911e-02 9.423736819053857294e-02 9.683998218329704921e-02 1.014586361128794884e-01 1.087899622917264247e-01 1.193255401524114939e-01 1.331149417602567886e-01 9.345938655794508998e-01
7.932941427042099203e-02 8.479980403475860518e-02 8.947544728470963049e-02 9.301494947045954587e-02 9.547872627990446059e-02 9.690797709558893192e-02 9.746504848209559813e-02 9.759162531727398615e-02 9.784663892209349845e-02 9.900943759264947686e-02 1.018245278924781866e-01 1.070024053398874880e-01 1.152684504355365319e-01 1.266705843739572568e-01 8.877313909961813687e-01
8.413694865946991230e-02 9.039608044885770466e-02 9.576110462641455878e-02 9.999733594185246377e-02 1.030005256118882717e-01 1.047427002053539363e-01 1.052995133238628089e-01 1.050567052755441017e-01 1.044112408593198121e-01 1.039444252046446138e-01 1.045710726712364425e-01 1.070112586519757630e-01 1.120318770672187464e-01 1.202198614508590835e-01 8.252701292401950495e-01
8.790797369798165894e-02 9.477304520388370179e-02 1.007217053845371885e-01 1.056414712422124730e-01 1.092419574290585949e-01 1.113758724030105424e-01 1.121636868364786210e-01 1.117232110071056661e-01 1.105834471649900647e-01 1.093376348426819133e-01 1.085204793676188134e-01 1.090331844879306594e-01 1.117644400289887485e-01 1.173164307520642852e-01 7.792142213061794553e-01
9.354636343866308545e-02 1.013406822560804083e-01 1.083814192579914404e-01 1.143157957998975488e-01 1.189255521210993982e-01 1.219561521440410412e-01 1.234444735434190310e-01 1.233899664281480901e-01 1.221107852015068385e-01 1.199250342665383884e-01 1.174531580634120831e-01 1.155057830910939387e-01 1.149706082268511648e-01 1.166503808994259206e-01 7.189834627803075584e-01
9.751866147557929076e-02 1.060366301105657438e-01 1.138982257120142588e-01 1.207129035500124903e-01 1.261955057065273778e-01 1.301412505835136957e-01 1.323539273147244788e-01 1.328843764351105849e-01 1.318064519075743679e-01 1.294587488773416839e-01 1.263367631276619552e-01 1.230313806413066285e-01 1.205715355569694364e-01 1.196668034387428220e-01 6.862454794355167254e-01
1.005878580195458533e-01 1.097841118237372210e-01 1.181727742709926532e-01 1.257104673913535808e-01 1.319628269558279499e-01 1.366091723016867321e-01 1.395624284608505961e-01 1.406852899815453917e-01 1.400384898480079299e-01 1.378481227511969831e-01 1.344518754153821161e-01 1.305399639070178031e-01 1.266853471983103163e-01 1.239620581255280601e-01 6.698105293479920119e-01
1.028279990632634394e-01 1.125758115048259012e-01 1.216380097483985567e-01 1.297243390496161108e-01 1.366697875686005148e-01 1.419944343156590016e-01 1.456329048370018364e-01 1.474066079471257618e-01 1.471587949273809315e-01 1.452368526386674241e-01 1.417791345676562287e-01 1.375851018638480638e-01 1.330317813588208220e-01 1.290015680014774679e-01 6.635964102135891718e-01
1.049311976511226041e-01 1.149485655739922868e-01 1.245155547538382146e-01 1.331652064012465442e-01 1.406109082053801917e-01 1.464952479955338172e-01 1.507193795857054153e-01 1.529457766223510651e-01 1.532206496395474848e-01 1.517170871325173587e-01 1.485506399354626361e-01 1.441240780963513324e-01 1.390684095801358322e-01 1.340154347116157829e-01 6.637165674738202403e-01
1.064051717923946150e-01 1.169141875641715872e-01 1.268726435894284021e-01 1.359121104415361714e-01 1.438020614189999269e-01 1.502966177660515212e-01 1.550630678164526544e-01 1.578749559629395172e-01 1.586869560085419906e-01 1.574646714640961231e-01 1.545150240485218263e-01 1.500788846178561509e-01 1.447913710407799925e-01 1.391626379382576717e-01 6.680807502506954654e-01
1.074144659859002510e-01 1.182913272973539209e-01 1.287371581078849969e-01 1.383115901833864014e-01 1.466747433389799793e-01 1.536637140563110737e-01 1.588490438722071629e-01 1.621693859249743186e-01 1.634703198422895187e-01 1.626562903656058046e-01 1.599907304915096917e-01 1.556692397607805367e-01 1.501859343537889635e-01 1.441895504399874350e-01 6.756503864801828296e-01
1.092176149733919965e-01 1.207153555222743452e-01 1.317529011691180862e-01 1.421834034333215591e-01 1.513834273037300282e-01 1.591605243062548802e-01 1.652998162542552441e-01 1.694714432780856372e-01 1.716117881676162138e-01 1.716689907049043229e-01 1.695930037997600004e-01 1.656899354899101784e-01 1.600659213819297655e-01 1.536305032413328442e-01 6.961827653344158096e-01
1.117175052649492378e-01 1.240441830761778025e-01 1.353620512304307966e-01 1.464227345810607539e-01 1.566164177848028416e-01 1.654602002807956107e-01 1.726873119091626441e-01 1.780484600853756150e-01 1.813321695767889652e-01 1.824512639435589001e-01 1.812051844153404201e-01 1.779621346966652473e-01 1.728606747962810886e-01 1.662183637074534648e-01 7.331007651380920809e-01
1.136553614843794774e-01 1.263212483783281714e-01 1.388548406974159655e-01 1.509321156777836681e-01 1.622179145794069022e-01 1.724260793182368356e-01 1.810934145207104551e-01 1.880599553456067941e-01 1.930488058122393491e-01 1.956489977267995006e-01 1.960109623259491951e-01 1.939332580872683010e-01 1.897449133792489806e-01 1.835884404151467697e-01 7.984536294069531914e-01
1.148220927296495220e-01 1.283899474316290423e-01 1.420532859075047671e-01 1.554160947844845375e-01 1.682173526504077143e-01 1.801071662638354109e-01 1.907508207696323455e-01 1.999533924493057391e-01 2.071157755921002597e-01 2.123391144049159851e-01 2.150965369954089546e-01 2.154554245028365567e-01 2.132536668546590186e-01 2.085882357634626649e-01 9.146892992192267036e-01
1.161857065044196308e-01 1.304699466675631192e-01 1.450686321399355105e-01 1.595526891502415667e-01 1.737592146010888683e-01 1.872854261553396904e-01 1.999770110040625382e-01 2.113414194763303944e-01 2.213010593242009383e-01 2.293278565706082239e-01 2.352649924670923154e-01 2.389374983718743628e-01 2.400756406384230990e-01 2.386678308672922633e-01 1.085588575251707821e+00
1.170950416142972628e-01 1.321178328486520281e-01 1.474936605883657992e-01 1.631096816226284829e-01 1.786910541758383597e-01 1.939354085638457792e-01 2.086734642703672593e-01 2.224692397322315662e-01 2.351782418708575906e-01 2.465087896548216195e-01 2.561763338257010969e-01 2.640136717814281497e-01 2.696437556349040032e-01 2.728313669396558172e-01 1.317846353234597645e+00
