0.000000000000000000e+00 0.000000000000000000e+00 0.000000000000000000e+00 0.000000000000000000e+00 0.000000000000000000e+00 0.000000000000000000e+00 0.000000000000000000e+00 0.000000000000000000e+00 0.000000000000000000e+00 0.000000000000000000e+00 0.000000000000000000e+00 0.000000000000000000e+00 0.000000000000000000e+00 0.000000000000000000e+00 0.000000000000000000e+00 0.000000000000000000e+00 0.000000000000000000e+00 0.000000000000000000e+00 0.000000000000000000e+00 0.000000000000000000e+00 0.000000000000000000e+00 0.000000000000000000e+00 0.000000000000000000e+00 0.000000000000000000e+00
0.000000000000000000e+00 0.000000000000000000e+00 0.000000000000000000e+00 0.000000000000000000e+00 0.000000000000000000e+00 0.000000000000000000e+00 0.000000000000000000e+00 0.000000000000000000e+00 0.000000000000000000e+00 0.000000000000000000e+00 0.000000000000000000e+00 0.000000000000000000e+00 0.000000000000000000e+00 0.000000000000000000e+00 0.000000000000000000e+00 0.000000000000000000e+00 0.000000000000000000e+00 0.000000000000000000e+00 0.000000000000000000e+00 0.000000000000000000e+00 0.000000000000000000e+00 0.000000000000000000e+00 0.000000000000000000e+00 0.000000000000000000e+00
0.000000000000000000e+00 0.000000000000000000e+00 0.000000000000000000e+00 0.000000000000000000e+00 0.000000000000000000e+00 0.000000000000000000e+00 0.000000000000000000e+00 0.000000000000000000e+00 0.000000000000000000e+00 0.000000000000000000e+00 0.000000000000000000e+00 0.000000000000000000e+00 0.000000000000000000e+00 0.000000000000000000e+00 0.000000000000000000e+00 0.000000000000000000e+00 0.000000000000000000e+00 0.000000000000000000e+00 0.000000000000000000e+00 0.000000000000000000e+00 0.000000000000000000e+00 0.000000000000000000e+00 0.000000000000000000e+00 0.000000000000000000e+00
0.000000000000000000e+00 0.000000000000000000e+00 0.000000000000000000e+00 0.000000000000000000e+00 0.000000000000000000e+00 0.000000000000000000e+00 0.000000000000000000e+00 0.000000000000000000e+00 0.000000000000000000e+00 0.000000000000000000e+00 0.000000000000000000e+00 0.000000000000000000e+00 0.000000000000000000e+00 0.000000000000000000e+00 0.000000000000000000e+00 0.000000000000000000e+00 0.000000000000000000e+00 0.000000000000000000e+00 0.000000000000000000e+00 0.000000000000000000e+00 0.000000000000000000e+00 0.000000000000000000e+00 0.000000000000000000e+00 0.000000000000000000e+00
0.000000000000000000e+00 0.000000000000000000e+00 0.000000000000000000e+00 0.000000000000000000e+00 0.000000000000000000e+00 0.000000000000000000e+00 0.000000000000000000e+00 0.000000000000000000e+00 0.000000000000000000e+00 0.000000000000000000e+00 0.000000000000000000e+00 0.000000000000000000e+00 0.000000000000000000e+00 0.000000000000000000e+00 0.000000000000000000e+00 0.000000000000000000e+00 0.000000000000000000e+00 0.000000000000000000e+00 0.000000000000000000e+00 0.000000000000000000e+00 0.000000000000000000e+00 0.000000000000000000e+00 0.000000000000000000e+00 0.000000000000000000e+00
0.000000000000000000e+00 0.000000000000000000e+00 0.000000000000000000e+00 0.000000000000000000e+00 0.000000000000000000e+00 0.000000000000000000e+00 0.000000000000000000e+00 0.000000000000000000e+00 0.000000000000000000e+00 0.000000000000000000e+00 0.000000000000000000e+00 0.000000000000000000e+00 0.000000000000000000e+00 0.000000000000000000e+00 0.000000000000000000e+00 0.000000000000000000e+00 0.000000000000000000e+00 0.000000000000000000e+00 0.000000000000000000e+00 0.000000000000000000e+00 0.000000000000000000e+00 0.000000000000000000e+00 0.000000000000000000e+00 0.000000000000000000e+00
0.000000000000000000e+00 0.000000000000000000e+00 0.000000000000000000e+00 0.000000000000000000e+00 0.000000000000000000e+00 0.000000000000000000e+00 0.000000000000000000e+00 0.000000000000000000e+00 0.000000000000000000e+00 0.000000000000000000e+00 0.000000000000000000e+00 0.000000000000000000e+00 0.000000000000000000e+00 0.000000000000000000e+00 0.000000000000000000e+00 0.000000000000000000e+00 0.000000000000000000e+00 0.000000000000000000e+00 0.000000000000000000e+00 0.000000000000000000e+00 0.000000000000000000e+00 0.000000000000000000e+00 0.000000000000000000e+00 0.000000000000000000e+00
0.000000000000000000e+00 0.000000000000000000e+00 0.000000000000000000e+00 0.000000000000000000e+00 0.000000000000000000e+00 0.000000000000000000e+00 0.000000000000000000e+00 0.000000000000000000e+00 0.000000000000000000e+00 0.000000000000000000e+00 0.000000000000000000e+00 0.000000000000000000e+00 0.000000000000000000e+00 0.000000000000000000e+00 0.000000000000000000e+00 0.000000000000000000e+00 0.000000000000000000e+00 0.000000000000000000e+00 0.000000000000000000e+00 0.000000000000000000e+00 0.000000000000000000e+00 0.000000000000000000e+00 0.000000000000000000e+00 0.000000000000000000e+00
0.000000000000000000e+00 0.000000000000000000e+00 0.000000000000000000e+00 0.000000000000000000e+00 0.000000000000000000e+00 0.000000000000000000e+00 0.000000000000000000e+00 0.000000000000000000e+00 0.000000000000000000e+00 0.000000000000000000e+00 0.000000000000000000e+00 0.000000000000000000e+00 0.000000000000000000e+00 0.000000000000000000e+00 0.000000000000000000e+00 0.000000000000000000e+00 0.000000000000000000e+00 0.000000000000000000e+00 0.000000000000000000e+00 0.000000000000000000e+00 0.000000000000000000e+00 0.000000000000000000e+00 0.000000000000000000e+00 0.000000000000000000e+00
0.000000000000000000e+00 0.000000000000000000e+00 0.000000000000000000e+00 0.000000000000000000e+00 0.000000000000000000e+00 0.000000000000000000e+00 0.000000000000000000e+00 0.000000000000000000e+00 0.000000000000000000e+00 0.000000000000000000e+00 0.000000000000000000e+00 0.000000000000000000e+00 0.000000000000000000e+00 0.000000000000000000e+00 0.000000000000000000e+00 0.000000000000000000e+00 0.000000000000000000e+00 0.000000000000000000e+00 0.000000000000000000e+00 0.000000000000000000e+00 0.000000000000000000e+00 0.000000000000000000e+00 0.000000000000000000e+00 0.000000000000000000e+00
0.000000000000000000e+00 0.000000000000000000e+00 0.000000000000000000e+00 0.000000000000000000e+00 0.000000000000000000e+00 0.000000000000000000e+00 0.000000000000000000e+00 0.000000000000000000e+00 0.000000000000000000e+00 0.000000000000000000e+00 0.000000000000000000e+00 0.000000000000000000e+00 0.000000000000000000e+00 0.000000000000000000e+00 0.000000000000000000e+00 0.000000000000000000e+00 0.000000000000000000e+00 0.000000000000000000e+00 0.000000000000000000e+00 0.000000000000000000e+00 0.000000000000000000e+00 0.000000000000000000e+00 0.000000000000000000e+00 0.000000000000000000e+00
0.000000000000000000e+00 0.000000000000000000e+00 0.000000000000000000e+00 0.000000000000000000e+00 0.000000000000000000e+00 0.000000000000000000e+00 0.000000000000000000e+00 0.000000000000000000e+00 0.000000000000000000e+00 0.000000000000000000e+00 0.000000000000000000e+00 0.000000000000000000e+00 0.000000000000000000e+00 0.000000000000000000e+00 0.000000000000000000e+00 0.000000000000000000e+00 0.000000000000000000e+00 0.000000000000000000e+00 0.000000000000000000e+00 0.000000000000000000e+00 0.000000000000000000e+00 0.000000000000000000e+00 0.000000000000000000e+00 0.000000000000000000e+00
0.000000000000000000e+00 0.000000000000000000e+00 0.000000000000000000e+00 0.000000000000000000e+00 0.000000000000000000e+00 0.000000000000000000e+00 0.000000000000000000e+00 0.000000000000000000e+00 0.000000000000000000e+00 0.000000000000000000e+00 0.000000000000000000e+00 0.000000000000000000e+00 0.000000000000000000e+00 0.000000000000000000e+00 0.000000000000000000e+00 0.000000000000000000e+00 0.000000000000000000e+00 0.000000000000000000e+00 0.000000000000000000e+00 0.000000000000000000e+00 0.000000000000000000e+00 0.000000000000000000e+00 0.000000000000000000e+00 0.000000000000000000e+00
1.291432904802575221e+00 1.643187912776818305e+00 2.021045995670406548e+00 2.404076245963358449e+00 2.765564805400233084e+00 3.071586954104895906e+00 3.281319362327414613e+00 3.364731452408853407e+00 3.270767540084642988e+00 3.004291507977217002e+00 2.547103545962546178e+00 1.972855890032182868e+00 1.358571353957802819e+00 8.114655978843539064e-01 4.059947133214149018e-01 1.610683783369920019e-01 4.359851567581842641e-02 6.610344822403402092e-03 1.031001543899931797e-04 0.000000000000000000e+00 0.000000000000000000e+00 0.000000000000000000e+00 0.000000000000000000e+00 0.000000000000000000e+00
1.278223490451731115e+00 1.644693332154592458e+00 2.045896295109320473e+00 2.461225412767404030e+00 2.864644947458086399e+00 3.225602299219330948e+00 3.498171606932846345e+00 3.649901422617955138e+00 3.631763828631535240e+00 3.430795857723122566e+00 3.031092289703619880e+00 2.473783075153580757e+00 1.834109326025690878e+00 1.200862888422140173e+00 6.772389090561085068e-01 3.163257293476456899e-01 1.152161408903766560e-01 2.654043099809335476e-02 2.631443283668895034e-03 0.000000000000000000e+00 0.000000000000000000e+00 0.000000000000000000e+00 0.000000000000000000e+00 0.000000000000000000e+00
1.262468780826814463e+00 1.641768131982687784e+00 2.064177928242331816e+00 2.508977684110879292e+00 2.952867111216076701e+00 3.363544295372285386e+00 3.698678685435099922e+00 3.913045089736335580e+00 3.974218898467084760e+00 3.833023467537600038e+00 3.496942455491111712e+00 2.960208523631973954e+00 2.311070782973071225e+00 1.610498269432977470e+00 9.848165669689172841e-01 5.087076501782138438e-01 2.135851613447168895e-01 6.487143508209992915e-02 1.033800894933142693e-02 0.000000000000000000e+00 0.000000000000000000e+00 0.000000000000000000e+00 0.000000000000000000e+00 0.000000000000000000e+00
1.244442897739030496e+00 1.635237939968456233e+00 2.074937073376448282e+00 2.547924318131281840e+00 3.027840037321588351e+00 3.484921779449815293e+00 3.877108030941793348e+00 4.156387513232509434e+00 4.285995612295264046e+00 4.212562008695209137e+00 3.936006157592545129e+00 3.435926423019016074e+00 2.780789415714612911e+00 2.036869356230923245e+00 1.324758383038422638e+00 7.362268649680040467e-01 3.388521240064990003e-01 1.209281992785424253e-01 2.755980853263802210e-02 4.457839132612221775e-04 0.000000000000000000e+00 0.000000000000000000e+00 0.000000000000000000e+00 0.000000000000000000e+00
1.235737838508768727e+00 1.639338645316435805e+00 2.097213044144980998e+00 2.599197130858068139e+00 3.113901595314390924e+00 3.616914323858014590e+00 4.061519140885390122e+00 4.405202105748682762e+00 4.595186882198515121e+00 4.593231886501854433e+00 4.365627465550589115e+00 3.916514477982189213e+00 3.257842155051729360e+00 2.488265162467167890e+00 1.682631853339398020e+00 1.001508137791892850e+00 4.939436998198221129e-01 2.133643183371142227e-01 5.547938114844538915e-02 5.571086706813812607e-03 0.000000000000000000e+00 0.000000000000000000e+00 0.000000000000000000e+00 0.000000000000000000e+00
1.228635172438401035e+00 1.641908049251576962e+00 2.118741678272468398e+00 2.644162728914851268e+00 3.195301643333412045e+00 3.738788298732415250e+00 4.239620770790948789e+00 4.637307474753511904e+00 4.895972370575304211e+00 4.956941202348972730e+00 4.789020318287488642e+00 4.374513775814435235e+00 3.735437951251469268e+00 2.935062987897912201e+00 2.073052429733992064e+00 1.284947536816619218e+00 6.788585714788547554e-01 3.215457376226316111e-01 1.145681747694139718e-01 1.484297909569439432e-02 0.000000000000000000e+00 0.000000000000000000e+00 0.000000000000000000e+00 0.000000000000000000e+00
1.220748803141296079e+00 1.643103943677735934e+00 2.136520435201170187e+00 2.686266455563638189e+00 3.270947414051773805e+00 3.853864348210719104e+00 4.405009422006964215e+00 4.862668500526284632e+00 5.182643516101812509e+00 5.305260570980467882e+00 5.195126939325984239e+00 4.827351957572690644e+00 4.203601781505552637e+00 3.389330835885167037e+00 2.473551728886101753e+00 1.593783022954312401e+00 8.857780236916846794e-01 4.424332534928373528e-01 2.112422795390448416e-01 3.122456861954939211e-02 0.000000000000000000e+00 0.000000000000000000e+00 0.000000000000000000e+00 0.000000000000000000e+00
1.212928213859621129e+00 1.642812788666896839e+00 2.150876860114327105e+00 2.723126618446699787e+00 3.338293480525067913e+00 3.963160457444469653e+00 4.558558119676707321e+00 5.074146121809874010e+00 5.451203329740835102e+00 5.642401588565525650e+00 5.583594611111699635e+00 5.270582456044165198e+00 4.666865881323834842e+00 3.846256272320499825e+00 2.883521551600130906e+00 1.928257220548571738e+00 1.115897909452539194e+00 5.715129848074536056e-01 3.087808444327367896e-01 6.525733985321884034e-02 9.808037055778729644e-04 0.000000000000000000e+00 0.000000000000000000e+00 0.000000000000000000e+00
1.200055902674830310e+00 1.643176933573684773e+00 2.178441898462160964e+00 2.791681632703054472e+00 3.462871180869825150e+00 4.162948858322802259e+00 4.847894889751669822e+00 5.473666778493588403e+00 5.964371417469826575e+00 6.282226403400768433e+00 6.340380494502358744e+00 6.121971542014184031e+00 5.578593936127677289e+00 4.762175972916761424e+00 3.739393668351546740e+00 2.646683175372113173e+00 1.642741078960998413e+00 9.191511447166129667e-01 5.102176960381212822e-01 2.003832288770670822e-01 1.799815321812001795e-02 0.000000000000000000e+00 0.000000000000000000e+00 0.000000000000000000e+00
1.186839990019592728e+00 1.640410573421665186e+00 2.197367740668632941e+00 2.846758710231161782e+00 3.570049880773113138e+00 4.339281284851968401e+00 5.107831937093300745e+00 5.832787772304069307e+00 6.437592153734722267e+00 6.869745997251555991e+00 7.049260856573011047e+00 6.927641105226585161e+00 6.470096298676505597e+00 5.674490314301400495e+00 4.621435836880751324e+00 3.422242886900554559e+00 2.243594799299784004e+00 1.339605721969802765e+00 7.926430553393667422e-01 3.869707832352606847e-01 6.023489374694985382e-02 0.000000000000000000e+00 0.000000000000000000e+00 0.000000000000000000e+00
1.173715877391766416e+00 1.635869614885488543e+00 2.210679714126124740e+00 2.892720863346953664e+00 3.663099298371925716e+00 4.495029820043829005e+00 5.344042946329448540e+00 6.159686353578218920e+00 6.881363038594260573e+00 7.419049314894853531e+00 7.727112764324003180e+00 7.702659795563100431e+00 7.334579420489808044e+00 6.576347276570881917e+00 5.514815023600388777e+00 4.230928509541864280e+00 2.904752729250807075e+00 1.793092245541550556e+00 1.109351378719102721e+00 6.201931782365462942e-01 1.727015211584009280e-01 6.760505188806569324e-03 0.000000000000000000e+00 0.000000000000000000e+00
1.160611115832706597e+00 1.630974730514246795e+00 2.221684629168808378e+00 2.932041288462498674e+00 3.743890030114181311e+00 4.632908292669870143e+00 5.558180523387219907e+00 6.461812610811823454e+00 7.287765559681468552e+00 7.938710270215059595e+00 8.364674009483684003e+00 8.448771659410795110e+00 8.172182455633580034e+00 7.471562775375917731e+00 6.408542239490521375e+00 5.065904708173869508e+00 3.614781676932666166e+00 2.324945285773809101e+00 1.460831738081164399e+00 8.908422992394351425e-01 3.727446101400494483e-01 2.868334975162156741e-02 0.000000000000000000e+00 0.000000000000000000e+00
1.147677982363059179e+00 1.624279023097542130e+00 2.227085870633403353e+00 2.962963649887396578e+00 3.813206846771202585e+00 4.757893071831143850e+00 5.752225240139981821e+00 6.745868510232341464e+00 7.667474424565349445e+00 8.437784131451893543e+00 8.966255870031176300e+00 9.174647831255935415e+00 8.972520737349558573e+00 8.363539153012499838e+00 7.299309121624435903e+00 5.933220427997514257e+00 4.362397904057760734e+00 2.924339252381098930e+00 1.850053542566479470e+00 1.172838832581780233e+00 6.130419679111347442e-01 9.632224492407197303e-02 0.000000000000000000e+00 0.000000000000000000e+00
1.136302480413873273e+00 1.617221122699269209e+00 2.231920511021666442e+00 2.988456126976842153e+00 3.876397256563682170e+00 4.868526849732504047e+00 5.931626132399993701e+00 7.002621684878850061e+00 8.027462842471075888e+00 8.902222321123495874e+00 9.547463930927522213e+00 9.862078418806563107e+00 9.768109030403207882e+00 9.220298238797962398e+00 8.191824066311582442e+00 6.789657093641769947e+00 5.148846745829128047e+00 3.529161038897312253e+00 2.283847902739399416e+00 1.455055196128299810e+00 8.925441686846720124e-01 2.279040848678900721e-01 0.000000000000000000e+00 0.000000000000000000e+00
1.124660276259189295e+00 1.608272685826503068e+00 2.232595947480688459e+00 3.006735571273148278e+00 3.926963270172719511e+00 4.963877288673012700e+00 6.089820869604613662e+00 7.237486496417412596e+00 8.353729638728010443e+00 9.335436972633123887e+00 1.009021052576852462e+01 1.052068205553413094e+01 1.052990161069097397e+01 1.005944153910956373e+01 9.089412483234907469e+00 7.657120012222303096e+00 5.950617332217609246e+00 4.207839452361213262e+00 2.778420947889872039e+00 1.761843663747729272e+00 1.196440693909516462e+00 4.276246265073868069e-01 1.723192511717855716e-02 0.000000000000000000e+00
1.109063816920366374e+00 1.596190183611860380e+00 2.232833698280503931e+00 3.030542321933882288e+00 3.992311851470957684e+00 5.094752203829003179e+00 6.304063472147803715e+00 7.568843240129068839e+00 8.807142535120046745e+00 9.949159925365950841e+00 1.085891318423868768e+01 1.146460505671027796e+01 1.162265106410837134e+01 1.129092379737459062e+01 1.039946174585081629e+01 8.990681242749811730e+00 7.188057495445651313e+00 5.255473342730260455e+00 3.574021321997379985e+00 2.292675998054577668e+00 1.572689958740430827e+00 9.074952028912884883e-01 8.316117745667041261e-02 0.000000000000000000e+00
1.095345457119226040e+00 1.584618353713535210e+00 2.230771041397485721e+00 3.049758649875096150e+00 4.048445624510985219e+00 5.210677736624688805e+00 6.497739385014752678e+00 7.868554699840861311e+00 9.233814074102326686e+00 1.052507721523135231e+01 1.159823201001996473e+01 1.236984992935222394e+01 1.268834582037057324e+01 1.248798501218557178e+01 1.169660239667829593e+01 1.031859915968387220e+01 8.454077801416289617e+00 6.389038920180926340e+00 4.458005339734965489e+00 2.901561462345655151e+00 1.941839442859717435e+00 1.432469159498195310e+00 2.880576091855460152e-01 0.000000000000000000e+00
1.078896191623068379e+00 1.569765850883623415e+00 2.225374082203467552e+00 3.066854842366012690e+00 4.105405119787261192e+00 5.335881426175750342e+00 6.719072876930383131e+00 8.217399279479035812e+00 9.738348160030408707e+00 1.121084917371117484e+01 1.249913516954345205e+01 1.348333339883861193e+01 1.402935975151799752e+01 1.402021923030051020e+01 1.337720536637586832e+01 1.207977062574728322e+01 1.018301579424916170e+01 7.967454912678824108e+00 5.753124550673003768e+00 3.842296207499628302e+00 2.520408721879783709e+00 1.947807876910786051e+00 8.775562454359829845e-01 3.278159481310161105e-02
1.061055147610531435e+00 1.553436366103455590e+00 2.216379532243940798e+00 3.080526220007429927e+00 4.160574212553070694e+00 5.464229554057462579e+00 6.954081837250488896e+00 8.593698167515929853e+00 1.029936442641703742e+01 1.198692214858725436e+01 1.353026832560840020e+01 1.478370467924615461e+01 1.560273798633300046e+01 1.585230370305504088e+01 1.540224080215714331e+01 1.425367134693159166e+01 1.235900149438247198e+01 1.002807843093698281e+01 7.508973940185052598e+00 5.175346514444575163e+00 3.390236451394701422e+00 2.463867323043566593e+00 1.891762046068932168e+00 2.308168650635925023e-01
1.045782063285067842e+00 1.538015782202800885e+00 2.206735857083047758e+00 3.088353052657053066e+00 4.203018974361231841e+00 5.567684922355549126e+00 7.154333476982531970e+00 8.918981536536387367e+00 1.079695121926417123e+01 1.268097079258247284e+01 1.447134318947996512e+01 1.598632936063740928e+01 1.707371011478954870e+01 1.758806652678373084e+01 1.737241569599115110e+01 1.637634952076811956e+01 1.454297076198679051e+01 1.211769123962178085e+01 9.399105142930558543e+00 6.674416382176247886e+00 4.442317156931507860e+00 3.070684695512014173e+00 2.684772999082242873e+00 1.042279693326933598e+00
1.033105616807282967e+00 1.524523545972291227e+00 2.196728616124356659e+00 3.089736213723948133e+00 4.234183868346900859e+00 5.643434655281732049e+00 7.318323054890097268e+00 9.196710511170319791e+00 1.123676591152537441e+01 1.330603019706371981e+01 1.531873634859059763e+01 1.708363946987158855e+01 1.844976855274010319e+01 1.922719202318957699e+01 1.925830493121267750e+01 1.842344287524483093e+01 1.671990496708215090e+01 1.422976717787430267e+01 1.136305604220865817e+01 8.293829153775517327e+00 5.656013221240621114e+00 3.808645357032857781e+00 3.111593162291881320e+00 2.346279951915813733e+00
1.023257360853124798e+00 1.513209901141248315e+00 2.188415805212540644e+00 3.091609157004501451e+00 4.260971420642119867e+00 5.713899148086873048e+00 7.459691753359265931e+00 9.448559792145323044e+00 1.162596621492027005e+01 1.388211768573976812e+01 1.610336350385779625e+01 1.812752778664943420e+01 1.975463758751099874e+01 2.079382706125991476e+01 2.108424226709522031e+01 2.044839565065273135e+01 1.889523905586193209e+01 1.641835236395018782e+01 1.341226667831026376e+01 1.006156284259623490e+01 6.994363093364095896e+00 4.686885674143840497e+00 3.573836186264875980e+00 3.537307488681142864e+00
1.014558533338857149e+00 1.503314015339679122e+00 2.179876718614606190e+00 3.090750524995949267e+00 4.278828701204906437e+00 5.770809922582795792e+00 7.576326739929802656e+00 9.669998187389944988e+00 1.197548745179773988e+01 1.441639370572783285e+01 1.682312736068102765e+01 1.910621252391001335e+01 2.097708219123941120e+01 2.230488986140539964e+01 2.282956999087396710e+01 2.243439917809363138e+01 2.097681032984192129e+01 1.856992989993852916e+01 1.544317257110976627e+01 1.190025482076584673e+01 8.439167652331315495e+00 5.704304998199373422e+00 4.122353797973795864e+00 4.066290886435346863e+00
1.007519105109271118e+00 1.494068588703983735e+00 2.172353393036452029e+00 3.088266438703902050e+00 4.293065690539140000e+00 5.818219904876897886e+00 7.682651450736619481e+00 9.859921326454122337e+00 1.228857682882325797e+01 1.488634623554415626e+01 1.750420596110100036e+01 1.999153161104047172e+01 2.214992157449686871e+01 2.370638041345574720e+01 2.450645737326501106e+01 2.430550913946466451e+01 2.307284441834031696e+01 2.071685680594700685e+01 1.756531703104810660e+01 1.380543065431916183e+01 1.000202749784094536e+01 6.814079223445790312e+00 4.800958518657132856e+00 4.379580620528360946e+00
1.001613775258744621e+00 1.486805033368665319e+00 2.165456110618370289e+00 3.086035178341297147e+00 4.304795171555428013e+00 5.859839527587785035e+00 7.771478174154369256e+00 1.003345678047745260e+01 1.257551556698391160e+01 1.532422455116976501e+01 1.812733186870943669e+01 2.082537961219383149e+01 2.323472344732701700e+01 2.506700470688217663e+01 2.613402148883460185e+01 2.616623758942196787e+01 2.509393452581216621e+01 2.283650847116646787e+01 1.965525172540439058e+01 1.577302394078790471e+01 1.166597285334512435e+01 8.046330376229564152e+00 5.569170293861575693e+00 4.701007168662988178e+00
9.974646742895495466e-01 1.481488681515167771e+00 2.159831352362435730e+00 3.085862334199598322e+00 4.315348124030993660e+00 5.898427467112169253e+00 7.854804708066617458e+00 1.019375067240175525e+01 1.284213108319656982e+01 1.573263527078248813e+01 1.871727002384178107e+01 2.163750853774651262e+01 2.427835570646755770e+01 2.638118680640234004e+01 2.769503531438660104e+01 2.800212046152444856e+01 2.708354147498704378e+01 2.499775614852331884e+01 2.179175736040721034e+01 1.779175356287968768e+01 1.337925834496038213e+01 9.376780742058009821e+00 6.421768907242253022e+00 5.120414711222301740e+00
9.908932683001112629e-01 1.472575065038851827e+00 2.149753216517988896e+00 3.082637173981069623e+00 4.329495645272668725e+00 5.954043840358684392e+00 7.987384544720383062e+00 1.045399876536376027e+01 1.330309847684177527e+01 1.645536417589402944e+01 1.977786880151767335e+01 2.309666592350566106e+01 2.620695588342708149e+01 2.883714046514301188e+01 3.065988555055582410e+01 3.148562538652028664e+01 3.097836963153654821e+01 2.918674209321288515e+01 2.606279976898354533e+01 2.187696119533435279e+01 1.703610765861544607e+01 1.229896665639951259e+01 8.446199324694555699e+00 6.232445563099993535e+00
9.870174584901989512e-01 1.466941815022447804e+00 2.143543052793738024e+00 3.080117722611568798e+00 4.340686295020187657e+00 5.996329425226542220e+00 8.095493789240535421e+00 1.066341796140231679e+01 1.368700279718962065e+01 1.707009971121039271e+01 2.070507900182808925e+01 2.439824909932758956e+01 2.794651543698185137e+01 3.108026916136200413e+01 3.341789295592152342e+01 3.474181450352237732e+01 3.469909208691388613e+01 3.323577054805944186e+01 3.032552718096442490e+01 2.605132155367293834e+01 2.089364393750890159e+01 1.551996202556217952e+01 1.081423568117230438e+01 7.666557510796198294e+00
9.858847035393544234e-01 1.464382512657474988e+00 2.140935567986911092e+00 3.079395391453116915e+00 4.352309770347129181e+00 6.031588451886569224e+00 8.189856308499795290e+00 1.084573557054760862e+01 1.401996202578375872e+01 1.761662537938832429e+01 2.154241258698017347e+01 2.559456793773820138e+01 2.956733741174928909e+01 3.316247613722915588e+01 3.604255357010326577e+01 3.783594360804180923e+01 3.831840826135611167e+01 3.718279058862360387e+01 3.454004371272388596e+01 3.023154726767842959e+01 2.487205267005733234e+01 1.892235823370949532e+01 1.350937107874752208e+01 9.413106905591629214e+00
9.864678779066871073e-01 1.463907808473554839e+00 2.139654704740196589e+00 3.079765825511302069e+00 4.361416504833436569e+00 6.060139062196355120e+00 8.261073085495954871e+00 1.099996199905401184e+01 1.430297553474230909e+01 1.810988568579404756e+01 2.231645581577983251e+01 2.668522819891589393e+01 3.104179722880538961e+01 3.511882100950923302e+01 3.852885845002526821e+01 4.080981579414143567e+01 4.178642025174254826e+01 4.103087956976828110e+01 3.867496332462940245e+01 3.443948395355856462e+01 2.891187481667058279e+01 2.255843186429611791e+01 1.639418455283941611e+01 1.139385112985033821e+01
9.883298631867900585e-01 1.465205524525657665e+00 2.140654645561145486e+00 3.082385247214066926e+00 4.369984174326468462e+00 6.089099776799018926e+00 8.323337762106863380e+00 1.113721935522216100e+01 1.454667403223419520e+01 1.853210709278971180e+01 2.294082893449664695e+01 2.766820956016054822e+01 3.238680260946200917e+01 3.690239043011878550e+01 4.076650296845104293e+01 4.362826124744809420e+01 4.505578818549365394e+01 4.481537142854869415e+01 4.271631526803357559e+01 3.871391987837434812e+01 3.298233844919795388e+01 2.634909681123611236e+01 1.949655992514264824e+01 1.373459534777170710e+01
9.954988548036389773e-01 1.471703921176103824e+00 2.147668880094908417e+00 3.091144905727679415e+00 4.389575276186056918e+00 6.136618903668943581e+00 8.430736283884499471e+00 1.135956399263623062e+01 1.496382264976847232e+01 1.924729398057465701e+01 2.410991628205686865e+01 2.938628316518534689e+01 3.486447775235278357e+01 4.017432236135238810e+01 4.504155278968849530e+01 4.887062465883907691e+01 5.131672485308115483e+01 5.194186979502715218e+01 5.058989716140384019e+01 4.701168250935561588e+01 4.132179656232046483e+01 3.412836050185244829e+01 2.625213576967202656e+01 1.890971663764356236e+01
1.004803787170531759e+00 1.482208672949906658e+00 2.159244453074816938e+00 3.106200117961281926e+00 4.412864517444150536e+00 6.182063357262451930e+00 8.522372670019871421e+00 1.153827012326279267e+01 1.530106268411624804e+01 1.982952700821277503e+01 2.508281239270919727e+01 3.085781215289697244e+01 3.699829392003503159e+01 4.307468954456294341e+01 4.882808365518435778e+01 5.365766790683656495e+01 5.712895831370995836e+01 5.872577524401768301e+01 5.818689597323749041e+01 5.515088559032102467e+01 4.967726197482388528e+01 4.212199752308669076e+01 3.352353827836346767e+01 2.478101992030837408e+01
1.021867673745230576e+00 1.503236977849508049e+00 2.183126166421345271e+00 3.136265885171623857e+00 4.452435971353503774e+00 6.245902658959604281e+00 8.638010841716251775e+00 1.175665696461601328e+01 1.571106437763657482e+01 2.055072047490089915e+01 2.627511552690452490e+01 3.274490544004243020e+01 3.972617977439104209e+01 4.692368639571368050e+01 5.387368015372991437e+01 6.018947539446475758e+01 6.509624411498732854e+01 6.821563584706836991e+01 6.895512174149374118e+01 6.692909519640141980e+01 6.204365233925688727e+01 5.447786522466333992e+01 4.497654342717672193e+01 3.471647769807258754e+01
1.054175591717038563e+00 1.544107388059724695e+00 2.233702235724920993e+00 3.196666698942585150e+00 4.530801725707095606e+00 6.353480711869934794e+00 8.810058967162808230e+00 1.204873809646619165e+01 1.622694432992667046e+01 2.146049958347471076e+01 2.779004931196753958e+01 3.518254661906250647e+01 4.340271911670130578e+01 5.217627260774585096e+01 6.103632122544448890e+01 6.944735090138939881e+01 7.683310494027524840e+01 8.233036036885044950e+01 8.548986555026647238e+01 8.543966114685090929e+01 8.196985218059369060e+01 7.501436854757405115e+01 6.491404374455507309e+01 5.283760667253736898e+01
1.088480568762599576e+00 1.588329560853740663e+00 2.290269584058164831e+00 3.266859767888279364e+00 4.618512944596345982e+00 6.467999502713317028e+00 8.969713630305676588e+00 1.229804944362199137e+01 1.663359742719243428e+01 2.214607698878060660e+01 2.893982884371661868e+01 3.702702809679510665e+01 4.630290493525160400e+01 5.639894764979782593e+01 6.696511498713751109e+01 7.731302809626734529e+01 8.696092992989009929e+01 9.490665029834045185e+01 1.004496470601215776e+02 1.026406818994379364e+02 1.009520471428700290e+02 9.507941035766761217e+01 8.522475056181158948e+01 7.207083254609972300e+01
1.154231864366928484e+00 1.677987876107309484e+00 2.406421133974771198e+00 3.416876655879673486e+00 4.806323141437951918e+00 6.708191663936751148e+00 9.285721810869725701e+00 1.274139419887655045e+01 1.730027765656112138e+01 2.319236159395556029e+01 3.064009923643412492e+01 3.976793286571011521e+01 5.057162428847102120e+01 6.290258086388065806e+01 7.623806036417130372e+01 9.014264868466874248e+01 1.036764668015992044e+02 1.162179956994912686e+02 1.264916863819242963e+02 1.333783185896992620e+02 1.359457089120627984e+02 1.332547178273849511e+02 1.251069520765803986e+02 1.119685999323788650e+02
1.216107921174464979e+00 1.763371840923229072e+00 2.521820704780850075e+00 3.566927081394152488e+00 5.000242434720131968e+00 6.953264540744083178e+00 9.600577516085685659e+00 1.315366951531446027e+01 1.786920337846875384e+01 2.403487598330396935e+01 3.191700890901131160e+01 4.177788399655137397e+01 5.370912252291821432e+01 6.768968431781580364e+01 8.337063774037179087e+01 1.001332108624535806e+02 1.172850645104567633e+02 1.337857688760397821e+02 1.486772217043470334e+02 1.602778131249859825e+02 1.672742247831706948e+02 1.686350801928387284e+02 1.633710955263944982e+02 1.516619214184518682e+02
1.273616798209609380e+00 1.843161528019608753e+00 2.631628391557114366e+00 3.712278183864738068e+00 5.190200047398036531e+00 7.196861255974436489e+00 9.912229473427778714e+00 1.355689092405340368e+01 1.840604175287457167e+01 2.477193200390914285e+01 3.299887869925355943e+01 4.338824727411992654e+01 5.622419960927545191e+01 7.147889313511232956e+01 8.908560617713573038e+01 1.083302274837314627e+02 1.286332054271886420e+02 1.487739606416720903e+02 1.678420053749225644e+02 1.840638841858989849e+02 1.957064741129367746e+02 2.013037912684421258e+02 1.997710960420370725e+02 1.901746771127033071e+02
1.325894798475464764e+00 1.917439496278734445e+00 2.733817676894657378e+00 3.851267665645886407e+00 5.372830446627655299e+00 7.434614225357631945e+00 1.021600777142010408e+01 1.394466276124625637e+01 1.891131774274679245e+01 2.544856170042088195e+01 3.395343135243559374e+01 4.477084508575748600e+01 5.829157531489966715e+01 7.461317935563353387e+01 9.375088471474185781e+01 1.152269515336964218e+02 1.382590919899636503e+02 1.618364814130982552e+02 1.847148847194595191e+02 2.052345327182000858e+02 2.215933215262791691e+02 2.315531740131874869e+02 2.341879104773282450e+02 2.275642475801764135e+02
1.373929340612011218e+00 1.987036126081494380e+00 2.830497345097148454e+00 3.983310765852279278e+00 5.547012208234324504e+00 7.663716961263938643e+00 1.050917771369078757e+01 1.432251047046965553e+01 1.939446378357238032e+01 2.608955521655058618e+01 3.481237373377623356e+01 4.600874716944286291e+01 6.005777663114552212e+01 7.729766342574568228e+01 9.769415371875238918e+01 1.211208901373392308e+02 1.465923848774406224e+02 1.733370840740967083e+02 1.998051500372209262e+02 2.244597131016605545e+02 2.452440931897205019e+02 2.599193175873790551e+02 2.664934401286818684e+02 2.636437832289825565e+02
1.418837751874236552e+00 2.052051268366782200e+00 2.920876193132432075e+00 4.108017029476462412e+00 5.715549275158458009e+00 7.885849569951878912e+00 1.079898322448893211e+01 1.469631662591248933e+01 1.986964628711841030e+01 2.670290333595127308e+01 3.562164219064435855e+01 4.713387671383150490e+01 6.165512524800949024e+01 7.965577370263567047e+01 1.011724013756892901e+02 1.262144128138685630e+02 1.539725982004574121e+02 1.835184032903719356e+02 2.134343379424137197e+02 2.420104685130554003e+02 2.673256338618586483e+02 2.863979942326668606e+02 2.971048774705105870e+02 2.982204944979092147e+02
1.460560823413078468e+00 2.111821748045446423e+00 3.006101862660352175e+00 4.224478340177626912e+00 5.874166757842125719e+00 8.094294027534447267e+00 1.107110953085197558e+01 1.504367314967556268e+01 2.031931682543421047e+01 2.728727528864502716e+01 3.639277831761820892e+01 4.817533123917797866e+01 6.312166402136524823e+01 8.174652824681101038e+01 1.042885101914329056e+02 1.306987738958913781e+02 1.605473109524520794e+02 1.926781013638352249e+02 2.258703627893577561e+02 2.580370256638750561e+02 2.872400568370123324e+02 3.110542011800452542e+02 3.261893650514516025e+02 3.312329630718661519e+02
1.536795583222117179e+00 2.221662882586226573e+00 3.163400720992965987e+00 4.441973071295248765e+00 6.171792453106009546e+00 8.491576838313781295e+00 1.159329904445133153e+01 1.571901718415245774e+01 2.119307828125248960e+01 2.840610753529874088e+01 3.784884909487296056e+01 5.009993612476934288e+01 6.582030471474887179e+01 8.560122052737844456e+01 1.096823514394880448e+02 1.384848302405811182e+02 1.718334723964012198e+02 2.086422112470470438e+02 2.477003618012804225e+02 2.868731369741647086e+02 3.239288386130538129e+02 3.561544242137693459e+02 3.804568484972472788e+02 3.933209163118821721e+02
1.635185669844260170e+00 2.366194682977531993e+00 3.369308146744983024e+00 4.733141668098205024e+00 6.570507081889470413e+00 9.032368163423429408e+00 1.232241834985960161e+01 1.665362742382964711e+01 2.239825778281750956e+01 2.994848964462887508e+01 3.984364333734215080e+01 5.273785231111956762e+01 6.931655036286596783e+01 9.020553783182894847e+01 1.163184792233612654e+02 1.480734598617495976e+02 1.855167133678980065e+02 2.281946525990570933e+02 2.748361060022242555e+02 3.232851396545935359e+02 3.712860500168744124e+02 4.153694940051135518e+02 4.528694774050894125e+02 4.786640265145329067e+02
1.771120471819688236e+00 2.567305473866162036e+00 3.660099089320454357e+00 5.145593824009049300e+00 7.148104255879613511e+00 9.822469051964448639e+00 1.336993600140954541e+01 1.805219439158617689e+01 2.422064280929122404e+01 3.230485203648325410e+01 4.283371231804986223e+01 5.655565026200986267e+01 7.423969750754295660e+01 9.686905595717534823e+01 1.253665658724485752e+02 1.606503389102203982e+02 2.033131950521935210e+02 2.533652390572258355e+02 3.101259627494906113e+02 3.719350788774600005e+02 4.355954349800461500e+02 4.982685787588978883e+02 5.551776569863545774e+02 6.031078729308652555e+02
1.979042253760445291e+00 2.876284029858005020e+00 4.111563591058950529e+00 5.793282296021746269e+00 8.057519369158958611e+00 1.108131797477340541e+01 1.508763342162875531e+01 2.035871742959005104e+01 2.727087300317351293e+01 3.627130817007176944e+01 4.798737445501191701e+01 6.313571640730091872e+01 8.271264365881911829e+01 1.077795753130808833e+02 1.397009563203722848e+02 1.798123470142588474e+02 2.294744765310836954e+02 2.896616968728158099e+02 3.607230086693336375e+02 4.416671911213156250e+02 5.310275091084673704e+02 6.241134101296826202e+02 7.172426027632822070e+02 8.029942652067892368e+02
2.266649237157244645e+00 3.307914985040343314e+00 4.750071581535864951e+00 6.718214725080255967e+00 9.378454116646880223e+00 1.293832013254240820e+01 1.765408563958678201e+01 2.386374886926476790e+01 3.196984320728729045e+01 4.250743852708702519e+01 5.613603593700412375e+01 7.369331927978026897e+01 9.625141128852816053e+01 1.251124707062103454e+02 1.619102288995383958e+02 2.085189062464589824e+02 2.670731929572335162e+02 3.397788090293887535e+02 4.283786851848869333e+02 5.343689519289907821e+02 6.569317963838204832e+02 7.949491034210570888e+02 9.438594635499810011e+02 1.095303584877792900e+03
2.695484041263437103e+00 3.960403558638101007e+00 5.725179951712050297e+00 8.151752361945122871e+00 1.145259976358849663e+01 1.589673976966117408e+01 2.181129238553093685e+01 2.963222808138213793e+01 3.986023303003419471e+01 5.316420628750000787e+01 7.034187149068206679e+01 9.240065835153689022e+01 1.205977195770380632e+02 1.565130016980861569e+02 2.020924427100516425e+02 2.597534160568475841e+02 3.323822681198406030e+02 4.235742842968961668e+02 5.370440178885519344e+02 6.769823118451923847e+02 8.461989698488579279e+02 1.048448652236669204e+03 1.283596289722058827e+03 1.547888530951551274e+03
