0.000000000000000000e+00 0.000000000000000000e+00 0.000000000000000000e+00 0.000000000000000000e+00 0.000000000000000000e+00 0.000000000000000000e+00 0.000000000000000000e+00 0.000000000000000000e+00 0.000000000000000000e+00 0.000000000000000000e+00 0.000000000000000000e+00 0.000000000000000000e+00 0.000000000000000000e+00 0.000000000000000000e+00 0.000000000000000000e+00
0.000000000000000000e+00 0.000000000000000000e+00 0.000000000000000000e+00 0.000000000000000000e+00 0.000000000000000000e+00 0.000000000000000000e+00 0.000000000000000000e+00 0.000000000000000000e+00 0.000000000000000000e+00 0.000000000000000000e+00 0.000000000000000000e+00 0.000000000000000000e+00 0.000000000000000000e+00 0.000000000000000000e+00 0.000000000000000000e+00
0.000000000000000000e+00 0.000000000000000000e+00 0.000000000000000000e+00 0.000000000000000000e+00 0.000000000000000000e+00 0.000000000000000000e+00 0.000000000000000000e+00 0.000000000000000000e+00 0.000000000000000000e+00 0.000000000000000000e+00 0.000000000000000000e+00 0.000000000000000000e+00 0.000000000000000000e+00 0.000000000000000000e+00 0.000000000000000000e+00
0.000000000000000000e+00 0.000000000000000000e+00 0.000000000000000000e+00 0.000000000000000000e+00 0.000000000000000000e+00 0.000000000000000000e+00 0.000000000000000000e+00 0.000000000000000000e+00 0.000000000000000000e+00 0.000000000000000000e+00 0.000000000000000000e+00 0.000000000000000000e+00 0.000000000000000000e+00 0.000000000000000000e+00 0.000000000000000000e+00
0.000000000000000000e+00 0.000000000000000000e+00 0.000000000000000000e+00 0.000000000000000000e+00 0.000000000000000000e+00 0.000000000000000000e+00 0.000000000000000000e+00 0.000000000000000000e+00 0.000000000000000000e+00 0.000000000000000000e+00 0.000000000000000000e+00 0.000000000000000000e+00 0.000000000000000000e+00 0.000000000000000000e+00 0.000000000000000000e+00
0.000000000000000000e+00 0.000000000000000000e+00 0.000000000000000000e+00 0.000000000000000000e+00 0.000000000000000000e+00 0.000000000000000000e+00 0.000000000000000000e+00 0.000000000000000000e+00 0.000000000000000000e+00 0.000000000000000000e+00 0.000000000000000000e+00 0.000000000000000000e+00 0.000000000000000000e+00 0.000000000000000000e+00 0.000000000000000000e+00
0.000000000000000000e+00 0.000000000000000000e+00 0.000000000000000000e+00 0.000000000000000000e+00 0.000000000000000000e+00 0.000000000000000000e+00 0.000000000000000000e+00 0.000000000000000000e+00 0.000000000000000000e+00 0.000000000000000000e+00 0.000000000000000000e+00 0.000000000000000000e+00 0.000000000000000000e+00 0.000000000000000000e+00 0.000000000000000000e+00
0.000000000000000000e+00 0.000000000000000000e+00 0.000000000000000000e+00 0.000000000000000000e+00 0.000000000000000000e+00 0.000000000000000000e+00 0.000000000000000000e+00 0.000000000000000000e+00 0.000000000000000000e+00 0.000000000000000000e+00 0.000000000000000000e+00 0.000000000000000000e+00 0.000000000000000000e+00 0.000000000000000000e+00 0.000000000000000000e+00
0.000000000000000000e+00 0.000000000000000000e+00 0.000000000000000000e+00 0.000000000000000000e+00 0.000000000000000000e+00 0.000000000000000000e+00 0.000000000000000000e+00 0.000000000000000000e+00 0.000000000000000000e+00 0.000000000000000000e+00 0.000000000000000000e+00 0.000000000000000000e+00 0.000000000000000000e+00 0.000000000000000000e+00 0.000000000000000000e+00
0.000000000000000000e+00 0.000000000000000000e+00 0.000000000000000000e+00 0.000000000000000000e+00 0.000000000000000000e+00 0.000000000000000000e+00 0.000000000000000000e+00 0.000000000000000000e+00 0.000000000000000000e+00 0.000000000000000000e+00 0.000000000000000000e+00 0.000000000000000000e+00 0.000000000000000000e+00 0.000000000000000000e+00 0.000000000000000000e+00
0.000000000000000000e+00 0.000000000000000000e+00 0.000000000000000000e+00 0.000000000000000000e+00 0.000000000000000000e+00 0.000000000000000000e+00 0.000000000000000000e+00 0.000000000000000000e+00 0.000000000000000000e+00 0.000000000000000000e+00 0.000000000000000000e+00 0.000000000000000000e+00 0.000000000000000000e+00 0.000000000000000000e+00 0.000000000000000000e+00
0.000000000000000000e+00 0.000000000000000000e+00 0.000000000000000000e+00 0.000000000000000000e+00 0.000000000000000000e+00 0.000000000000000000e+00 0.000000000000000000e+00 0.000000000000000000e+00 0.000000000000000000e+00 0.000000000000000000e+00 0.000000000000000000e+00 0.000000000000000000e+00 0.000000000000000000e+00 0.000000000000000000e+00 0.000000000000000000e+00
0.000000000000000000e+00 0.000000000000000000e+00 0.000000000000000000e+00 0.000000000000000000e+00 0.000000000000000000e+00 0.000000000000000000e+00 0.000000000000000000e+00 0.000000000000000000e+00 0.000000000000000000e+00 0.000000000000000000e+00 0.000000000000000000e+00 0.000000000000000000e+00 0.000000000000000000e+00 0.000000000000000000e+00 0.000000000000000000e+00
2.129988968845158315e+00 1.966185069781577255e+00 1.755219801172989369e+00 1.515364777550600284e+00 1.263266242225760116e+00 1.012932585773329341e+00 7.797971103546380567e-01 5.691719504252242823e-01 3.926542237685898828e-01 2.501683185685350530e-01 1.456538600847717413e-01 7.545473856868248341e-02 3.392283665684695665e-02 1.278521408976587490e-02 4.706672453774443654e-03
2.131389026005217513e+00 1.989789726626038258e+00 1.796483523785675995e+00 1.569189901311360158e+00 1.326180938700306289e+00 1.079468234681723260e+00 8.454612997278808662e-01 6.316040904438033898e-01 4.480487773132302287e-01 2.973805095978088731e-01 1.823719310386856529e-01 1.016592235016284262e-01 5.007954169296976316e-02 2.125702911811737719e-02 9.932378720962361379e-03
2.127091199882368500e+00 2.007070680830912224e+00 1.830899487099522327e+00 1.617105207613025231e+00 1.382437474087293783e+00 1.140987323034793333e+00 9.060482445835770227e-01 6.908395330295042935e-01 5.002880980006901845e-01 3.428000595867763400e-01 2.180161937598834587e-01 1.279165628667521815e-01 6.705058312538884902e-02 3.085026585379625763e-02 1.678758007330336671e-02
2.118125515668771719e+00 2.017075627807063842e+00 1.858821328584291166e+00 1.657780097071048342e+00 1.431900297526634835e+00 1.195681080384337847e+00 9.620523426443888804e-01 7.447381061902910160e-01 5.495304739509839775e-01 3.855714681500404528e-01 2.528388314289707339e-01 1.537655460566257071e-01 8.468478208316027045e-02 4.143548818925515964e-02 2.525670540382423529e-02
2.122968818053222240e+00 2.038333237417699006e+00 1.895806166172266938e+00 1.704571573271038920e+00 1.485837336272262776e+00 1.252255363309044967e+00 1.019383702597125740e+00 7.981879010934586072e-01 5.989610696630002229e-01 4.274334894316065281e-01 2.880321355240535453e-01 1.800006018321871626e-01 1.033555919305304688e-01 5.256417238472726322e-02 3.573884354412688868e-02
2.125840904938727682e+00 2.058868285034250789e+00 1.928259680347010674e+00 1.748797570345784758e+00 1.535615553153199198e+00 1.306854417502521626e+00 1.072868634390380160e+00 8.501446230857004904e-01 6.461814600346416082e-01 4.687047334122064202e-01 3.215444169417120968e-01 2.062576912135128115e-01 1.218046299468202726e-01 6.469773129598983819e-02 4.771702195108330768e-02
2.126972782186252964e+00 2.075775347506809698e+00 1.958605369005320895e+00 1.789888094785614614e+00 1.582585766557498497e+00 1.357540704013030064e+00 1.124728848205830189e+00 8.997137080735927439e-01 6.913775166819353668e-01 5.082647083481416361e-01 3.546610635703907333e-01 2.319854344792816048e-01 1.405457169305399656e-01 7.713391037157862895e-02 6.124586704501960160e-02
2.126268625872423712e+00 2.089389750123596734e+00 1.985166211211862874e+00 1.826392531424863686e+00 1.627205154419218758e+00 1.404594746044312448e+00 1.173427200471320653e+00 9.461205557780284492e-01 7.351265310615353599e-01 5.460952858871719329e-01 3.870653970375855790e-01 2.574324229927610341e-01 1.594085115612984549e-01 8.984666581928532625e-02 7.600922374551008498e-02
2.126171092649092653e+00 2.115498265474688999e+00 2.034587447028976648e+00 1.893951928638471616e+00 1.708745725381315861e+00 1.493288686722904490e+00 1.265387342205542831e+00 1.034819405665524217e+00 8.180907202072009721e-01 6.198163025836599394e-01 4.493133782945651356e-01 3.075000560338549960e-01 1.971835237512128691e-01 1.163676154443972627e-01 1.095896303973072083e-01
2.122118317966251499e+00 2.133278170351540215e+00 2.074197265384500888e+00 1.952078247289299018e+00 1.780675180248008305e+00 1.572943734032976826e+00 1.348011502364783620e+00 1.116578014221913051e+00 8.942864326405142172e-01 6.888384181073667900e-01 5.082062297572477183e-01 3.564072549867489670e-01 2.347929963371989392e-01 1.436637230561402523e-01 1.478652890554862376e-01
2.115837602937543416e+00 2.145742024147049065e+00 2.107202735976199115e+00 2.002526864706971388e+00 1.844135948755566412e+00 1.645347785213447933e+00 1.423176537460251634e+00 1.193253517439710532e+00 9.655392294477833648e-01 7.548155982921226359e-01 5.648425973644913833e-01 4.038290076080759405e-01 2.719453341372499167e-01 1.713183758911092924e-01 1.890622499064107398e-01
2.109091196516005073e+00 2.156006609381059924e+00 2.135367185222851294e+00 2.046284260191528315e+00 1.900250481130966174e+00 1.710921114830929124e+00 1.492652473717174244e+00 1.263419538562988498e+00 1.032875261738851025e+00 8.168297554953853901e-01 6.193344514186271965e-01 4.497528904957116547e-01 3.088067524641809891e-01 1.989608672011892732e-01 2.333040297794107543e-01
2.100062951407323908e+00 2.160907724982547684e+00 2.157431633350025635e+00 2.083796370770406359e+00 1.951163567146302569e+00 1.770321251532493534e+00 1.557983035516191883e+00 1.328967259537569445e+00 1.097576840090322081e+00 8.753552761175197316e-01 6.723749669209376778e-01 4.936347873774624140e-01 3.455173534453604978e-01 2.265072930519213545e-01 2.802862897309725265e-01
2.090622310781320881e+00 2.165250097103883942e+00 2.175635459732118804e+00 2.117952430052021828e+00 1.996225892521833023e+00 1.825181384881487068e+00 1.617019432968230364e+00 1.391039532381999067e+00 1.157780684844849972e+00 9.318908006772583796e-01 7.225679736383761043e-01 5.372377477260916745e-01 3.807780957642845077e-01 2.540819872026799930e-01 3.281906492575714651e-01
2.078764432228627612e+00 2.165612058916390747e+00 2.188598224767943190e+00 2.145237385640478500e+00 2.034980587402447583e+00 1.873538111320798283e+00 1.670959072110443033e+00 1.447330330093039574e+00 1.213884854596996687e+00 9.846844901070918032e-01 7.706015406422735969e-01 5.789924617399430096e-01 4.152616918572127891e-01 2.818185390246736310e-01 3.783371618508521994e-01
2.062797346419428912e+00 2.165471880115196424e+00 2.205525960469903790e+00 2.180423424430466106e+00 2.088197101273293832e+00 1.939020946236410525e+00 1.747096583368624279e+00 1.525592384891022224e+00 1.293350376550925107e+00 1.059443285460265116e+00 8.394817003961960733e-01 6.388689172687994633e-01 4.659186989366770892e-01 3.222691437736744935e-01 4.563388091469391394e-01
2.047574584650677654e+00 2.163078647545741529e+00 2.219114042503087081e+00 2.210612684509622561e+00 2.135297458728246944e+00 1.998196712262004127e+00 1.815907798124895001e+00 1.599141378231805355e+00 1.367899423664098002e+00 1.131282348840481289e+00 9.055369061218403459e-01 6.972373120459415263e-01 5.151321403953865730e-01 3.622815937552008037e-01 5.371969561775974400e-01
2.028093786568283985e+00 2.157413864817805838e+00 2.231142837125254630e+00 2.241233810136319171e+00 2.186099797137989853e+00 2.065777388322298069e+00 1.895931257510434564e+00 1.686133767139759598e+00 1.456641252506409190e+00 1.218841729278109298e+00 9.867518822064915707e-01 7.706403448695499092e-01 5.781159285589557717e-01 4.141197325274914576e-01 6.484229911597844120e-01
2.006705038544760011e+00 2.148339666529914815e+00 2.240614591383108145e+00 2.270848116529401217e+00 2.238060148200539334e+00 2.137510130447501933e+00 1.982225855314938334e+00 1.782811836165366204e+00 1.557062704943260378e+00 1.318967462092778931e+00 1.081588483815247193e+00 8.567215707436249827e-01 6.534002870312995981e-01 4.765822742578437743e-01 7.906134535064224256e-01
1.986552722161457174e+00 2.138673148395804802e+00 2.245889627281196343e+00 2.293587553096745335e+00 2.279923309377274165e+00 2.198584148504603597e+00 2.056819682363152602e+00 1.868502199038664324e+00 1.646849759850447015e+00 1.410304539593257189e+00 1.169277114120977012e+00 9.372173678967010702e-01 7.246960270388710379e-01 5.373190183860964142e-01 9.345937054038819802e-01
1.968936755659512761e+00 2.128745882425891356e+00 2.246559004666959236e+00 2.310252511552373544e+00 2.310543083399891007e+00 2.248514474656124307e+00 2.120455703464824371e+00 1.944167131771463275e+00 1.727701845929989100e+00 1.492569395793814646e+00 1.249248621067604370e+00 1.012493612983691449e+00 7.919747604626878879e-01 5.954656471336793322e-01 1.078514680222608435e+00
1.954157789736788997e+00 2.120501791685748483e+00 2.247648649063816340e+00 2.324538261521992943e+00 2.339035054866547281e+00 2.291482362662852879e+00 2.178116741656473287e+00 2.011145142493554250e+00 1.802142190561530466e+00 1.568726789698732471e+00 1.325225744399491257e+00 1.083872791444302486e+00 8.562437645405176490e-01 6.517269060313625184e-01 1.224743437851020023e+00
1.941270757700394256e+00 2.112094432388227805e+00 2.246816081700049761e+00 2.333976585146873006e+00 2.362016546992419919e+00 2.326954859420153010e+00 2.228791025283493266e+00 2.071274423977752299e+00 1.871180612535157994e+00 1.638578452866932711e+00 1.396487814162020502e+00 1.150710569151290441e+00 9.182755493683922854e-01 7.054903290026118823e-01 1.368275730811339574e+00
1.929283042991193797e+00 2.104631502797144726e+00 2.244868092833284479e+00 2.341440648010957748e+00 2.381153574268822126e+00 2.359280798812311453e+00 2.272282885548260634e+00 2.125096402347017133e+00 1.931846345126701836e+00 1.704637525883965221e+00 1.460967834113282127e+00 1.214814095213528011e+00 9.758074593113449380e-01 7.571288168573495625e-01 1.510646156522363004e+00
1.919828435655599685e+00 2.097844879045340782e+00 2.243065488480358916e+00 2.347621961639807520e+00 2.397930373992278152e+00 2.386285126599286599e+00 2.311885947226182569e+00 2.174446293247663142e+00 1.988319156272074562e+00 1.765108864879288531e+00 1.521642037413491799e+00 1.274084281292246601e+00 1.031592274701041534e+00 8.072253921238344843e-01 1.651217745019675220e+00
1.912943043727105774e+00 2.092286713240317120e+00 2.242813714643998146e+00 2.353201923710599441e+00 2.413476566808935075e+00 2.411598476286215931e+00 2.348507167599651613e+00 2.220249916163139936e+00 2.041064557636474319e+00 1.822274127408951561e+00 1.580779689376051511e+00 1.331080433281849107e+00 1.085498969432136862e+00 8.552537409122933365e-01 1.792016688787605228e+00
1.901400288313042974e+00 2.082410558834629111e+00 2.240262899555718334e+00 2.360631738495663878e+00 2.435809439575764568e+00 2.451853906201095779e+00 2.407908541846184303e+00 2.299433022194072862e+00 2.134331285694931690e+00 1.925040171954506496e+00 1.686965021478061377e+00 1.436376571219712739e+00 1.186204206997065747e+00 9.465060665044071619e-01 2.066292585192927245e+00
1.894115791717317920e+00 2.076334209010491705e+00 2.238262364475762656e+00 2.366528485237441082e+00 2.452772721820257740e+00 2.484677888595745898e+00 2.455736166589615355e+00 2.365268799397678645e+00 2.213642377368950864e+00 2.014802690740166824e+00 1.781659875308051921e+00 1.531375810879397559e+00 1.278146026860138118e+00 1.031376789787229464e+00 2.330928318488209250e+00
1.890800785185868360e+00 2.073769509283120094e+00 2.237647898489932619e+00 2.372698611187997741e+00 2.466963649285519367e+00 2.513290906331468566e+00 2.497387826294740432e+00 2.422341093254260169e+00 2.284108183164781369e+00 2.095898930071558919e+00 1.868673869099787277e+00 1.619883811407596852e+00 1.363447078696420789e+00 1.112125149426465454e+00 2.588263792726708701e+00
1.890194153526360443e+00 2.072532817539743721e+00 2.237830130391337047e+00 2.377536572805896142e+00 2.478442423343369949e+00 2.534819431983394988e+00 2.532534105577644912e+00 2.470847417343402519e+00 2.347577140959066888e+00 2.170843320923602437e+00 1.947969519560885487e+00 1.700352756909602636e+00 1.443490465909105458e+00 1.188612619505774681e+00 2.838193148666320553e+00
1.891909168561058507e+00 2.073523196204558605e+00 2.239704031133440409e+00 2.382088864810968154e+00 2.490127719122555483e+00 2.553691617775079692e+00 2.563865795478856846e+00 2.512645437615136590e+00 2.402035086674586761e+00 2.231259491259188543e+00 2.019304014865808572e+00 1.773781759117873280e+00 1.516600283395935778e+00 1.257365894528174266e+00 3.079825750946872720e+00
1.900400238935702868e+00 2.080337647237875398e+00 2.246048584967083706e+00 2.392600974753156695e+00 2.509326262054581758e+00 2.586290651107320482e+00 2.614540324414207362e+00 2.584152325579240461e+00 2.494016476807164651e+00 2.344343097495781958e+00 2.144077173333077901e+00 1.908914463044634413e+00 1.650569587731631316e+00 1.388698369285296774e+00 3.539345541309808496e+00
1.914065133933952723e+00 2.091604045375999643e+00 2.256995493475589587e+00 2.405247100452125864e+00 2.527713792144724358e+00 2.614163626054083700e+00 2.655260209319726172e+00 2.641957999798563161e+00 2.568937458263279794e+00 2.438377393497087375e+00 2.250927549218086021e+00 2.025184717258539990e+00 1.769290325747272297e+00 1.505012327012962281e+00 3.972083613713418337e+00
1.941366488856911099e+00 2.114862511828514258e+00 2.278892767047310919e+00 2.426805669510292418e+00 2.553666593755602232e+00 2.649379985089842737e+00 2.705139825411924992e+00 2.712172811324752963e+00 2.661777521170597183e+00 2.553469116089760238e+00 2.387911309137628280e+00 2.173809055276236801e+00 1.926799462561156417e+00 1.659958496256508598e+00 4.574847268258880106e+00
1.994333995226095668e+00 2.164080345069254729e+00 2.322950791141568772e+00 2.469586080915138204e+00 2.597625590043024513e+00 2.701872027140092225e+00 2.771961416119828048e+00 2.800578315957982678e+00 2.778861096438525191e+00 2.699814935952966177e+00 2.564638804372515679e+00 2.374051266161657736e+00 2.141494762198757673e+00 1.879874847095188262e+00 5.470726593206922672e+00
2.051627423962705254e+00 2.219044726469548312e+00 2.374122329058427905e+00 2.517504732916632904e+00 2.644482739960465345e+00 2.750778484718750416e+00 2.829058826511910762e+00 2.870416391076330509e+00 2.867002882800560926e+00 2.810884937103379055e+00 2.698279789796323769e+00 2.531884201125322864e+00 2.314035526845890978e+00 2.061715975104982945e+00 6.261305971883824206e+00
2.167701502131799796e+00 2.331867182832781715e+00 2.483430620694696778e+00 2.620166574377723379e+00 2.742852628429764295e+00 2.847740585838439031e+00 2.930893776049547039e+00 2.985082395759955265e+00 3.001865413932495397e+00 2.975061703999337670e+00 2.896989948215835664e+00 2.763978927162644261e+00 2.579630263469051776e+00 2.345952865551312438e+00 7.599410757832773200e+00
2.278118618703361520e+00 2.443906342603211712e+00 2.592724217491609640e+00 2.726117411471836949e+00 2.843290936533286128e+00 2.944437713955397662e+00 3.025795059074495530e+00 3.083098930921524428e+00 3.110616217516557924e+00 3.098594964168055466e+00 3.042676316988191410e+00 2.934649657841325698e+00 2.774906213229952456e+00 2.564492075933812565e+00 8.703762977710480797e+00
2.381311724914472183e+00 2.550426481723721217e+00 2.698555650149014884e+00 2.829857266468410959e+00 2.943098955107149362e+00 3.040188110527650700e+00 3.118622097421611006e+00 3.175747882179838388e+00 3.205817134183295725e+00 3.203350480104205200e+00 3.159475482544237046e+00 3.071470892256744190e+00 2.929540709215942673e+00 2.739419165770833331e+00 9.641797253725611583e+00
2.477369053315511049e+00 2.649548453430196737e+00 2.799741601494102561e+00 2.929595277640360429e+00 3.040497606761071392e+00 3.133537167324866424e+00 3.207966948740135660e+00 3.262992982939438402e+00 3.293382138189877573e+00 3.295838289257384091e+00 3.259916309722719507e+00 3.183921452844957756e+00 3.057506622866490442e+00 2.882232469820619869e+00 1.045376116088757712e+01
2.567318495495932051e+00 2.743289497459618254e+00 2.895790402954935949e+00 3.024691886017299325e+00 3.134301443461013026e+00 3.223603214633696812e+00 3.295003273710793046e+00 3.346414889476591714e+00 3.376337329831319511e+00 3.379086141572572366e+00 3.349841587442193180e+00 3.280085942325015491e+00 3.167063411125792705e+00 3.002940359952168237e+00 1.116820629684327315e+01
2.651296764880083145e+00 2.830970738696587663e+00 2.986490705823759750e+00 3.116692059274487114e+00 3.225260800169959641e+00 3.312605067551380955e+00 3.381116419829178099e+00 3.428541255397692389e+00 3.455745487394087601e+00 3.457622145526025648e+00 3.431625585881895368e+00 3.367111184193758433e+00 3.263288239504007038e+00 3.109467088376294264e+00 1.180431328262138813e+01
2.728525493499473598e+00 2.913611722932764270e+00 3.071226665157386737e+00 3.203247009016378044e+00 3.310629996606406333e+00 3.396177745399623582e+00 3.461166745830517755e+00 3.506174735428266853e+00 3.531458216635251279e+00 3.532472443622308500e+00 3.507354765779040928e+00 3.447043829105071566e+00 3.348670258276821965e+00 3.204907285478425294e+00 1.237658776679233696e+01
2.870439936045117602e+00 3.066053851083639703e+00 3.229409605402573824e+00 3.365615895761229659e+00 3.473262619809899476e+00 3.556560609302126252e+00 3.616704158641768974e+00 3.657124013669176499e+00 3.676334536863763880e+00 3.673887793875227459e+00 3.647330848987795360e+00 3.594012422196549927e+00 3.506562815512705988e+00 3.370071111283191811e+00 1.337811623330800614e+01
3.057179515212974596e+00 3.265606279887048213e+00 3.441112814656344998e+00 3.583138172260556420e+00 3.694502909604824303e+00 3.780595211730522376e+00 3.831939541036795571e+00 3.865349673206257552e+00 3.876162855723948919e+00 3.867624952278212014e+00 3.839154554042351286e+00 3.785307528731974624e+00 3.694489637923502379e+00 3.573462346865273975e+00 1.461515561343924219e+01
3.316839844369896095e+00 3.547406479006126823e+00 3.740871827415600759e+00 3.898124741284894057e+00 4.017807889223897533e+00 4.101968250576080166e+00 4.154012220981111447e+00 4.179969593807255634e+00 4.181572427275540349e+00 4.158087889856296293e+00 4.117547002168946868e+00 4.053766716944658732e+00 3.967152010838136622e+00 3.850971904801995915e+00 1.623250446554484583e+01
3.715850504342422589e+00 3.984680566231008303e+00 4.211604790624556394e+00 4.393934348487437802e+00 4.532645026041264735e+00 4.628976195454360010e+00 4.684842916836838178e+00 4.706771361025400502e+00 4.695132657815621613e+00 4.658756294066524362e+00 4.596916058428249130e+00 4.516614191693586911e+00 4.413997487753496429e+00 4.291001990630672225e+00 1.859154668925480891e+01
4.273004041468595915e+00 4.603001257788156053e+00 4.883604268337126797e+00 5.113809785994684276e+00 5.291973084702385144e+00 5.416079741346780274e+00 5.491311917773367135e+00 5.517764692476214705e+00 5.502531046548138960e+00 5.450122229988967781e+00 5.365991080351748543e+00 5.256286680977695802e+00 5.124144640899914727e+00 4.973230274133368489e+00 2.188105016794393265e+01
5.115032182478668865e+00 5.547013471682236130e+00 5.924738614905426637e+00 6.243843923196878976e+00 6.501098424592211877e+00 6.690615793782098919e+00 6.817926627369430115e+00 6.879012890944535386e+00 6.881607715474239662e+00 6.829095737000526078e+00 6.728205471315829023e+00 6.586015653658896518e+00 6.410505385321137339e+00 6.207800808718867636e+00 2.736882350602533620e+01
