0.000000000000000000e+00 0.000000000000000000e+00 0.000000000000000000e+00 0.000000000000000000e+00 0.000000000000000000e+00 0.000000000000000000e+00 0.000000000000000000e+00 0.000000000000000000e+00 0.000000000000000000e+00 0.000000000000000000e+00 0.000000000000000000e+00 0.000000000000000000e+00 0.000000000000000000e+00 0.000000000000000000e+00 0.000000000000000000e+00
0.000000000000000000e+00 0.000000000000000000e+00 0.000000000000000000e+00 0.000000000000000000e+00 0.000000000000000000e+00 0.000000000000000000e+00 0.000000000000000000e+00 0.000000000000000000e+00 0.000000000000000000e+00 0.000000000000000000e+00 0.000000000000000000e+00 0.000000000000000000e+00 0.000000000000000000e+00 0.000000000000000000e+00 0.000000000000000000e+00
0.000000000000000000e+00 0.000000000000000000e+00 0.000000000000000000e+00 0.000000000000000000e+00 0.000000000000000000e+00 0.000000000000000000e+00 0.000000000000000000e+00 0.000000000000000000e+00 0.000000000000000000e+00 0.000000000000000000e+00 0.000000000000000000e+00 0.000000000000000000e+00 0.000000000000000000e+00 0.000000000000000000e+00 0.000000000000000000e+00
0.000000000000000000e+00 0.000000000000000000e+00 0.000000000000000000e+00 0.000000000000000000e+00 0.000000000000000000e+00 0.000000000000000000e+00 0.000000000000000000e+00 0.000000000000000000e+00 0.000000000000000000e+00 0.000000000000000000e+00 0.000000000000000000e+00 0.000000000000000000e+00 0.000000000000000000e+00 0.000000000000000000e+00 0.000000000000000000e+00
0.000000000000000000e+00 0.000000000000000000e+00 0.000000000000000000e+00 0.000000000000000000e+00 0.000000000000000000e+00 0.000000000000000000e+00 0.000000000000000000e+00 0.000000000000000000e+00 0.000000000000000000e+00 0.000000000000000000e+00 0.000000000000000000e+00 0.000000000000000000e+00 0.000000000000000000e+00 0.000000000000000000e+00 0.000000000000000000e+00
0.000000000000000000e+00 0.000000000000000000e+00 0.000000000000000000e+00 0.000000000000000000e+00 0.000000000000000000e+00 0.000000000000000000e+00 0.000000000000000000e+00 0.000000000000000000e+00 0.000000000000000000e+00 0.000000000000000000e+00 0.000000000000000000e+00 0.000000000000000000e+00 0.000000000000000000e+00 0.000000000000000000e+00 0.000000000000000000e+00
0.000000000000000000e+00 0.000000000000000000e+00 0.000000000000000000e+00 0.000000000000000000e+00 0.000000000000000000e+00 0.000000000000000000e+00 0.000000000000000000e+00 0.000000000000000000e+00 0.000000000000000000e+00 0.000000000000000000e+00 0.000000000000000000e+00 0.000000000000000000e+00 0.000000000000000000e+00 0.000000000000000000e+00 0.000000000000000000e+00
0.000000000000000000e+00 0.000000000000000000e+00 0.000000000000000000e+00 0.000000000000000000e+00 0.000000000000000000e+00 0.000000000000000000e+00 0.000000000000000000e+00 0.000000000000000000e+00 0.000000000000000000e+00 0.000000000000000000e+00 0.000000000000000000e+00 0.000000000000000000e+00 0.000000000000000000e+00 0.000000000000000000e+00 0.000000000000000000e+00
0.000000000000000000e+00 0.000000000000000000e+00 0.000000000000000000e+00 0.000000000000000000e+00 0.000000000000000000e+00 0.000000000000000000e+00 0.000000000000000000e+00 0.000000000000000000e+00 0.000000000000000000e+00 0.000000000000000000e+00 0.000000000000000000e+00 0.000000000000000000e+00 0.000000000000000000e+00 0.000000000000000000e+00 0.000000000000000000e+00
0.000000000000000000e+00 0.000000000000000000e+00 0.000000000000000000e+00 0.000000000000000000e+00 0.000000000000000000e+00 0.000000000000000000e+00 0.000000000000000000e+00 0.000000000000000000e+00 0.000000000000000000e+00 0.000000000000000000e+00 0.000000000000000000e+00 0.000000000000000000e+00 0.000000000000000000e+00 0.000000000000000000e+00 0.000000000000000000e+00
0.000000000000000000e+00 0.000000000000000000e+00 0.000000000000000000e+00 0.000000000000000000e+00 0.000000000000000000e+00 0.000000000000000000e+00 0.000000000000000000e+00 0.000000000000000000e+00 0.000000000000000000e+00 0.000000000000000000e+00 0.000000000000000000e+00 0.000000000000000000e+00 0.000000000000000000e+00 0.000000000000000000e+00 0.000000000000000000e+00
0.000000000000000000e+00 0.000000000000000000e+00 0.000000000000000000e+00 0.000000000000000000e+00 0.000000000000000000e+00 0.000000000000000000e+00 0.000000000000000000e+00 0.000000000000000000e+00 0.000000000000000000e+00 0.000000000000000000e+00 0.000000000000000000e+00 0.000000000000000000e+00 0.000000000000000000e+00 0.000000000000000000e+00 0.000000000000000000e+00
0.000000000000000000e+00 0.000000000000000000e+00 0.000000000000000000e+00 0.000000000000000000e+00 0.000000000000000000e+00 0.000000000000000000e+00 0.000000000000000000e+00 0.000000000000000000e+00 0.000000000000000000e+00 0.000000000000000000e+00 0.000000000000000000e+00 0.000000000000000000e+00 0.000000000000000000e+00 0.000000000000000000e+00 0.000000000000000000e+00
0.000000000000000000e+00 0.000000000000000000e+00 0.000000000000000000e+00 0.000000000000000000e+00 0.000000000000000000e+00 0.000000000000000000e+00 0.000000000000000000e+00 0.000000000000000000e+00 0.000000000000000000e+00 0.000000000000000000e+00 0.000000000000000000e+00 0.000000000000000000e+00 0.000000000000000000e+00 0.000000000000000000e+00 0.000000000000000000e+00
2.464997859106444533e+00 2.262123638601674980e+00 2.010287771823882519e+00 1.725132161066496028e+00 1.425485428861194448e+00 1.128660147183074391e+00 8.551897046608851749e-01 6.136603509469893414e-01 4.154955113782399789e-01 2.620155551337335353e-01 1.517470225734104949e-01 7.927135695727155484e-02 3.620626974353032684e-02 1.406473207715198785e-02 5.663272714069788986e-03
2.469473782105824355e+00 2.292182170014212428e+00 2.055261786397668100e+00 1.784288105995697871e+00 1.494014131230892550e+00 1.201735626623692488e+00 9.256755964830174488e-01 6.803101483778947189e-01 4.722091110494896493e-01 3.087907914763521888e-01 1.866035555724210038e-01 1.035140424820361060e-01 5.114016060700137672e-02 2.201132075581822833e-02 1.081376948101969541e-02
2.466185305466157107e+00 2.314300595767047941e+00 2.095046807853836679e+00 1.836477458744391500e+00 1.555369277309653686e+00 1.268679545077515680e+00 9.921902461893402636e-01 7.427588618640664775e-01 5.270852533486781732e-01 3.540813212623918904e-01 2.212518286276781709e-01 1.280426311408212336e-01 6.695825399218638396e-02 3.098044486228841016e-02 1.741141535092512529e-02
2.472893713444560770e+00 2.342214705111336226e+00 2.141441276905973634e+00 1.890191037027249665e+00 1.618172796312858486e+00 1.334463878831560812e+00 1.058037349370639424e+00 8.031619571460693052e-01 5.811471471686996404e-01 3.981888700013829774e-01 2.563935232178240486e-01 1.528872454397071090e-01 8.360508851203082847e-02 4.054942577991716562e-02 2.545233452105721481e-02
2.477942244821838891e+00 2.370467970237779998e+00 2.184586516300441428e+00 1.945267855239180665e+00 1.677501073470947679e+00 1.398666006318593613e+00 1.120518861420600087e+00 8.627657047228161069e-01 6.334550773050707795e-01 4.421058891148400560e-01 2.910194834239467898e-01 1.783310982095445418e-01 1.006248817391798001e-01 5.112142248307079140e-02 3.482062327974481952e-02
2.479645633317270725e+00 2.391625784876267868e+00 2.222758834462605471e+00 1.995152993767665306e+00 1.733026117631176088e+00 1.457942956845942772e+00 1.180076950290164239e+00 9.187468062157935211e-01 6.841779199188884331e-01 4.847399855466504870e-01 3.246669525754529717e-01 2.035437514912450951e-01 1.180718651504273908e-01 6.212051127163270570e-02 4.540404724798279001e-02
2.479250746134530559e+00 2.409464673165004900e+00 2.256916860715128426e+00 2.040044232543455571e+00 1.784749643596517776e+00 1.512604132478716057e+00 1.236765908129799474e+00 9.716069788977496069e-01 7.326778131565342411e-01 5.254586819959935484e-01 3.584297715962204700e-01 2.287911302652780032e-01 1.359457497441613483e-01 7.344572529565307484e-02 5.730645365567767907e-02
2.474417258099641082e+00 2.437958246616735991e+00 2.316603588029233052e+00 2.123782338669327086e+00 1.881819472595951392e+00 1.615136095843320296e+00 1.342189226258367230e+00 1.072368331931059293e+00 8.247071739255474876e-01 6.053481191660819993e-01 4.234240459223027053e-01 2.789054571628319379e-01 1.718455205566684629e-01 9.759648512602273063e-02 8.443972144903096055e-02
2.468190378360184845e+00 2.458574092696869773e+00 2.365065505133726820e+00 2.194919933214348529e+00 1.967995818438886824e+00 1.708143118243625080e+00 1.438066656830402357e+00 1.166277177896947626e+00 9.110160093220127653e-01 6.816155273965478489e-01 4.864385633388700336e-01 3.288792141045319140e-01 2.084640246936177166e-01 1.226612012345930369e-01 1.155547395646918940e-01
2.457111147072600588e+00 2.471530959447765685e+00 2.403237688649225490e+00 2.255943525944593020e+00 2.044604278191144431e+00 1.792894017566707854e+00 1.524628897458517818e+00 1.253768277317346191e+00 9.916863971972197378e-01 7.545558094127507998e-01 5.469846317275831593e-01 3.779212513878707491e-01 2.451517291873494542e-01 1.485590272464953621e-01 1.502922936078168181e-01
2.445017684056739249e+00 2.479451715560648140e+00 2.434039526683100085e+00 2.307505868370772095e+00 2.112521819175527504e+00 1.870016761908395386e+00 1.604861950221374123e+00 1.334731479888051631e+00 1.068347813421545611e+00 8.237596130219835278e-01 6.063504559867692878e-01 4.259078577544970212e-01 2.819967377485977367e-01 1.750959789791531052e-01 1.882600146307178701e-01
2.429913618442207213e+00 2.481873317977785209e+00 2.457837642467108008e+00 2.350255970061421174e+00 2.173336504107690637e+00 1.940122187458674707e+00 1.679857496078694945e+00 1.409427235905968745e+00 1.141098276608963458e+00 8.891219852129129686e-01 6.647653927177686883e-01 4.727383868610230411e-01 3.194657342396951538e-01 2.019164004485053954e-01 2.292542641945161941e-01
2.413905577193708130e+00 2.482945898208716251e+00 2.476191030575003893e+00 2.389275262018707213e+00 2.225953045580768119e+00 2.005260219469220395e+00 1.748290976575965772e+00 1.479648040626909022e+00 1.208810107266529599e+00 9.516688152942771595e-01 7.195888653913576904e-01 5.189353268300908040e-01 3.558472918088141923e-01 2.293519997384670106e-01 2.723621900594538348e-01
2.396416502290645401e+00 2.481994172901172302e+00 2.490980756588244027e+00 2.422166812229219257e+00 2.273104905788960295e+00 2.063860644428788582e+00 1.811683244696975503e+00 1.544699477120664133e+00 1.273257874739158968e+00 1.011737305035224743e+00 7.726923657852307059e-01 5.642369313254352869e-01 3.916269101737714919e-01 2.567087397684830741e-01 3.177173693504731777e-01
2.371070762100278007e+00 2.475680847954066177e+00 2.506731844256782971e+00 2.460206621378993486e+00 2.334842319432364643e+00 2.142023373732508951e+00 1.900493929122136327e+00 1.634515746344537890e+00 1.363848850655811962e+00 1.096264287760454037e+00 8.496300564136561873e-01 6.294169764071529949e-01 4.450481142587516814e-01 2.974751291363189054e-01 3.892753260947457994e-01
2.345222068070309085e+00 2.465880210942631212e+00 2.516130745584362227e+00 2.490109984477320904e+00 2.385872335425010426e+00 2.209288337586596374e+00 1.980413332541793414e+00 1.717441681665672348e+00 1.447165773787162824e+00 1.175925197610162787e+00 9.219310775106251965e-01 6.926069188444788916e-01 4.972865828070352490e-01 3.382405063160593417e-01 4.647797180545721885e-01
2.313473600627030891e+00 2.451487892752541864e+00 2.524216460304882226e+00 2.522506622263209763e+00 2.444019519185882672e+00 2.288751435857066863e+00 2.075137105693871220e+00 1.818786511976085540e+00 1.548752844382253802e+00 1.275864439058875366e+00 1.013367929308680804e+00 7.734997634503770758e-01 5.649678062774828868e-01 3.922472313456225601e-01 5.692435065848785447e-01
2.276242995089677201e+00 2.430945643995402250e+00 2.527534104715437380e+00 2.549748282541333122e+00 2.499593122106537724e+00 2.369435410631703043e+00 2.174541485257341478e+00 1.929784832364539016e+00 1.662179497771399506e+00 1.388205936664371309e+00 1.119249142086455873e+00 8.683435739924640906e-01 6.461546011171145354e-01 4.577871972338122819e-01 7.054521798386955700e-01
2.242267577717341531e+00 2.409028645030728555e+00 2.523343131196195355e+00 2.569061932438603257e+00 2.541385135977922705e+00 2.435656125132928285e+00 2.259736180752920376e+00 2.029209302067886078e+00 1.764850359750007813e+00 1.490832691717325797e+00 1.217236444023081399e+00 9.576852202448025153e-01 7.242524264916345711e-01 5.226986810990482679e-01 8.454085989638844278e-01
2.212327095331458437e+00 2.389977259814128008e+00 2.517575542708853309e+00 2.583408955736288259e+00 2.575001283881743763e+00 2.493037652523276915e+00 2.334224998682416174e+00 2.117771537605063426e+00 1.857855341417905981e+00 1.584793155025918443e+00 1.308280639125496858e+00 1.042099668709285165e+00 7.979594679442498784e-01 5.853692228759168614e-01 9.885482218783713249e-01
2.184257535389073190e+00 2.370089158662390894e+00 2.510436597276895831e+00 2.591720105213948244e+00 2.601002986202517242e+00 2.537950020205342216e+00 2.397359983486674562e+00 2.194530475038411144e+00 1.943141799597399189e+00 1.670661629449051055e+00 1.392370902295547941e+00 1.121027202706249781e+00 8.691577563022934161e-01 6.460059064889457359e-01 1.132441762350473224e+00
2.158471249852775387e+00 2.350491281480695527e+00 2.500727068426225941e+00 2.595698846514809421e+00 2.622180547426808062e+00 2.574618888933068561e+00 2.453166946641355040e+00 2.262234819488832205e+00 2.021756789121046172e+00 1.748951177637853238e+00 1.471950434054268841e+00 1.195372709590193816e+00 9.368253522611972306e-01 7.039006497064493884e-01 1.277881262372867921e+00
2.135658828998118430e+00 2.333839671301109142e+00 2.490956444061275477e+00 2.598299146171402896e+00 2.638648863537646605e+00 2.607637035610149034e+00 2.501470236893781784e+00 2.324413700651756454e+00 2.091501322237617977e+00 1.824000143917077654e+00 1.544755898933141136e+00 1.266526282765280564e+00 1.000732981178233949e+00 7.612887747337802047e-01 1.422625522456584690e+00
2.115054408713369583e+00 2.316387090095768375e+00 2.480706087318654607e+00 2.596874729482291144e+00 2.650934896725894774e+00 2.633455841129316521e+00 2.542581963103859533e+00 2.377476993222152668e+00 2.154993574720832417e+00 1.891974055471643101e+00 1.613203045678700764e+00 1.333934292541496092e+00 1.062494094581689197e+00 8.157334513503129436e-01 1.567958985726124244e+00
2.097144119475439883e+00 2.300936513644842751e+00 2.472134658957785724e+00 2.596264140763531625e+00 2.662285698535172607e+00 2.656390701257944187e+00 2.579719907973351045e+00 2.427896599836411262e+00 2.215544237481875900e+00 1.957433183400377974e+00 1.679237288152428897e+00 1.397292639556941607e+00 1.122980668164687668e+00 8.688334638133328180e-01 1.713444181040750802e+00
2.065532376205960752e+00 2.272184150331555852e+00 2.452616018117872443e+00 2.590164696509311693e+00 2.675397849447435750e+00 2.692454035249006949e+00 2.639887219122675877e+00 2.512425254186674284e+00 2.319047013917188149e+00 2.073771483841577279e+00 1.797897131209176935e+00 1.513902169761875305e+00 1.234278182987495809e+00 9.687104465921433372e-01 1.997642488175683795e+00
2.041220877736144246e+00 2.249579756833127053e+00 2.435456203062277059e+00 2.583542015666061342e+00 2.683274309079151099e+00 2.720038112636473215e+00 2.686848891348488699e+00 2.582619517359293848e+00 2.406869039464926363e+00 2.175061198433295928e+00 1.904536293108408218e+00 1.619982168674230616e+00 1.336386770160778115e+00 1.062802510246137810e+00 2.277228782931346007e+00
2.021493260122446678e+00 2.230454820550054951e+00 2.420172889856594622e+00 2.577478298327808837e+00 2.687399671729411743e+00 2.741857743032800165e+00 2.725938562780741314e+00 2.641295676347984678e+00 2.483024937986748615e+00 2.265306372729785966e+00 2.001462398708982793e+00 1.718075982674188706e+00 1.430518984240473745e+00 1.151796896768536138e+00 2.550709023832365308e+00
2.006123613298114172e+00 2.215065599951262065e+00 2.406507924632683704e+00 2.569791265338394748e+00 2.689157597179321346e+00 2.757251552083199275e+00 2.757971575158169486e+00 2.689721168594962908e+00 2.549512087823419648e+00 2.346184240274193034e+00 2.090262629777306813e+00 1.807394570951293078e+00 1.519364227437343784e+00 1.235971693780476333e+00 2.816638982374574773e+00
1.994373621854174772e+00 2.202416327572715105e+00 2.395136915019065782e+00 2.562333729851173025e+00 2.690570076080902151e+00 2.768270352545503687e+00 2.784497795639346407e+00 2.729664542823547979e+00 2.606861685142780605e+00 2.413152812724193463e+00 2.170525996930164681e+00 1.890294666696322956e+00 1.601001921075896783e+00 1.312765129395062624e+00 3.075875647814708902e+00
1.978746553184135504e+00 2.184491656815096938e+00 2.377636483360867636e+00 2.550693689796225794e+00 2.690563026472658326e+00 2.784883470467196975e+00 2.823907831363993370e+00 2.796457899304489736e+00 2.700237408110935267e+00 2.534103374155324051e+00 2.307667410822858312e+00 2.039098566107640842e+00 1.747505549973469297e+00 1.456477897918315723e+00 3.571411967113191199e+00
1.971171174990993258e+00 2.174089818824308740e+00 2.366606572059202662e+00 2.541492197935740105e+00 2.688807815725899442e+00 2.796568888496081318e+00 2.853259229206047465e+00 2.848097000241305299e+00 2.773381285648007566e+00 2.632079467436941655e+00 2.423795035492933181e+00 2.168512996368391565e+00 1.879194710757227993e+00 1.585008882857890544e+00 4.041135725925420807e+00
1.971566023333349849e+00 2.168509770885619137e+00 2.359075850249702011e+00 2.534329825739461750e+00 2.688055553537313180e+00 2.808551267686652420e+00 2.883995061629053946e+00 2.903957956915923067e+00 2.858270711585682911e+00 2.745849947617409637e+00 2.566189622802339088e+00 2.329072987886576129e+00 2.052010454244515447e+00 1.754130033188252780e+00 4.695947822664994220e+00
1.989137907908007818e+00 2.179282871576294855e+00 2.362742776755554441e+00 2.536643852242749464e+00 2.692730766993570501e+00 2.824810798813246038e+00 2.920195953997184457e+00 2.968139059871111485e+00 2.959425894104514398e+00 2.884940762114616586e+00 2.745882184068199727e+00 2.541397494743988794e+00 2.285304703636596546e+00 1.994855644316633203e+00 5.673794340813813619e+00
2.018807907282889058e+00 2.203589860781793863e+00 2.380984031569279846e+00 2.550467555187353685e+00 2.705729095753428570e+00 2.841153604658675391e+00 2.947482797510539321e+00 3.013148034023036104e+00 3.028243211590815775e+00 2.983572467741902212e+00 2.873888571543998349e+00 2.701432702560238042e+00 2.467215703132921600e+00 2.191545757324756760e+00 6.530248481395687143e+00
2.092989292791941125e+00 2.270060182366900214e+00 2.439635760761778904e+00 2.599109859661218103e+00 2.749073266047714625e+00 2.883376583779260205e+00 2.996956902558512770e+00 3.080299127749457799e+00 3.123044480683946578e+00 3.116962784804886866e+00 3.052734905690011935e+00 2.925513172323928046e+00 2.737973445140278628e+00 2.491384353352384728e+00 7.977381540395888315e+00
2.173098106111035932e+00 2.347864373737218457e+00 2.511125952171120002e+00 2.664504924258273011e+00 2.806330962901966153e+00 2.935891372250303721e+00 3.048061295822904526e+00 3.137277153884268088e+00 3.194577785483118326e+00 3.208724010230035617e+00 3.173971812759422750e+00 3.079995584750439441e+00 2.925786069093067709e+00 2.711362764010022630e+00 9.155846408931536118e+00
2.252330217761227882e+00 2.427262272792291675e+00 2.586891174481158462e+00 2.735192579900603604e+00 2.870949130697357354e+00 2.994623567372388440e+00 3.103275136998564054e+00 3.192418963838639545e+00 3.254958511702230162e+00 3.282632552231989909e+00 3.264806076517410283e+00 3.196289934305982072e+00 3.066533761782332945e+00 2.880575479381616510e+00 1.014108199455151471e+01
2.328834508964952921e+00 2.504152725398030910e+00 2.663003251616173905e+00 2.807415260719214434e+00 2.938306243679558616e+00 3.056559294202711996e+00 3.160204364431655311e+00 3.247447574782470703e+00 3.310830312194518843e+00 3.345504197416779402e+00 3.339398996832448674e+00 3.287593886400799192e+00 3.178756660337533457e+00 3.012962318453063393e+00 1.097735737222498109e+01
2.402408823419710071e+00 2.578681732888958855e+00 2.738317943967225609e+00 2.879877942419846182e+00 3.007518076388268735e+00 3.120283547362841858e+00 3.219853556447616949e+00 3.302890136146590105e+00 3.366453306261680378e+00 3.403202754098653582e+00 3.405643931173183869e+00 3.364039996628021889e+00 3.273411168954559081e+00 3.123837435632990100e+00 1.170788990725342771e+01
2.471943120757374768e+00 2.650819611411210808e+00 2.811750988243860938e+00 2.951801582244445665e+00 3.076648670557049936e+00 3.185867808171683802e+00 3.281157601730203766e+00 3.360046624310066399e+00 3.421071083732345919e+00 3.456978117615479018e+00 3.464824190812832327e+00 3.430730480104438929e+00 3.352689171338311791e+00 3.217738236386584294e+00 1.234450740523880441e+01
2.536727519714355950e+00 2.719479781813724628e+00 2.882335234121724099e+00 3.022318454817864097e+00 3.142925541596635064e+00 3.248675185282001276e+00 3.339164680978962352e+00 3.414515064500321717e+00 3.473316295508002582e+00 3.509579005990985490e+00 3.519574470835971525e+00 3.491983426786414046e+00 3.423460100928821692e+00 3.301917484895599664e+00 1.291313229582011957e+01
2.656968730320660388e+00 2.847426864228969290e+00 3.011137247773280734e+00 3.153098112723216495e+00 3.272566596402863404e+00 3.373748720807693502e+00 3.457521902149431448e+00 3.526034071140828008e+00 3.577386540806945181e+00 3.610695603890530236e+00 3.619556039542590753e+00 3.601322602866653178e+00 3.541023175363731568e+00 3.438944330766470436e+00 1.388240957292912903e+01
2.817985831500720018e+00 3.017892553343455742e+00 3.190233102162990608e+00 3.334854845292950731e+00 3.454258001515550625e+00 3.550704586840231602e+00 3.626620831902535702e+00 3.685794002135768910e+00 3.727258069185230394e+00 3.753110879105762354e+00 3.758182965531795539e+00 3.740320888546037725e+00 3.690781032042643961e+00 3.603238329637906023e+00 1.504253700472748001e+01
3.044694830107463890e+00 3.262614384826117320e+00 3.448654371546616026e+00 3.603863966384840634e+00 3.727324419617395801e+00 3.822141655302996988e+00 3.890664771565497837e+00 3.936725946233265105e+00 3.965499539805935836e+00 3.976117010467745239e+00 3.971375759389557558e+00 3.946075499298459022e+00 3.898886555629732076e+00 3.821246235961302862e+00 1.649919997229249091e+01
3.397117449924043520e+00 3.647527952035575449e+00 3.861327907557419614e+00 4.036327401738064147e+00 4.173523364149254178e+00 4.274431286545544495e+00 4.340935387315086658e+00 4.379401129345616539e+00 4.390318507533624626e+00 4.381740366164660117e+00 4.352899518735457107e+00 4.309535944381696737e+00 4.247182612647759647e+00 4.166050628674562439e+00 1.853054098251564952e+01
3.894251478533347299e+00 4.198267322508389299e+00 4.458454196298372807e+00 4.674062694461244227e+00 4.843695907814943524e+00 4.965779523276894203e+00 5.045050723538908599e+00 5.081819346488134492e+00 5.083072508923770272e+00 5.052777080824386147e+00 4.996387997683626736e+00 4.919314254905545525e+00 4.824717945777475592e+00 4.714836815234806799e+00 2.125129524669571879e+01
4.650449338078952444e+00 5.045738063263330631e+00 5.392302007878173598e+00 5.686712500728912545e+00 5.926785398829742313e+00 6.103100874360346317e+00 6.225738472829139170e+00 6.289375653947153921e+00 6.300789901844944474e+00 6.263983819061114566e+00 6.184436426577351931e+00 6.068931089491413466e+00 5.925430529084179554e+00 5.759404479178682479e+00 2.579942572584620919e+01
