0.000000000000000000e+00 0.000000000000000000e+00 0.000000000000000000e+00 0.000000000000000000e+00 0.000000000000000000e+00 0.000000000000000000e+00 0.000000000000000000e+00 0.000000000000000000e+00 0.000000000000000000e+00 0.000000000000000000e+00 0.000000000000000000e+00 0.000000000000000000e+00 0.000000000000000000e+00 0.000000000000000000e+00 0.000000000000000000e+00 0.000000000000000000e+00 0.000000000000000000e+00 0.000000000000000000e+00 0.000000000000000000e+00 0.000000000000000000e+00 0.000000000000000000e+00 0.000000000000000000e+00 0.000000000000000000e+00 0.000000000000000000e+00
0.000000000000000000e+00 0.000000000000000000e+00 0.000000000000000000e+00 0.000000000000000000e+00 0.000000000000000000e+00 0.000000000000000000e+00 0.000000000000000000e+00 0.000000000000000000e+00 0.000000000000000000e+00 0.000000000000000000e+00 0.000000000000000000e+00 0.000000000000000000e+00 0.000000000000000000e+00 0.000000000000000000e+00 0.000000000000000000e+00 0.000000000000000000e+00 0.000000000000000000e+00 0.000000000000000000e+00 0.000000000000000000e+00 0.000000000000000000e+00 0.000000000000000000e+00 0.000000000000000000e+00 0.000000000000000000e+00 0.000000000000000000e+00
0.000000000000000000e+00 0.000000000000000000e+00 0.000000000000000000e+00 0.000000000000000000e+00 0.000000000000000000e+00 0.000000000000000000e+00 0.000000000000000000e+00 0.000000000000000000e+00 0.000000000000000000e+00 0.000000000000000000e+00 0.000000000000000000e+00 0.000000000000000000e+00 0.000000000000000000e+00 0.000000000000000000e+00 0.000000000000000000e+00 0.000000000000000000e+00 0.000000000000000000e+00 0.000000000000000000e+00 0.000000000000000000e+00 0.000000000000000000e+00 0.000000000000000000e+00 0.000000000000000000e+00 0.000000000000000000e+00 0.000000000000000000e+00
0.000000000000000000e+00 0.000000000000000000e+00 0.000000000000000000e+00 0.000000000000000000e+00 0.000000000000000000e+00 0.000000000000000000e+00 0.000000000000000000e+00 0.000000000000000000e+00 0.000000000000000000e+00 0.000000000000000000e+00 0.000000000000000000e+00 0.000000000000000000e+00 0.000000000000000000e+00 0.000000000000000000e+00 0.000000000000000000e+00 0.000000000000000000e+00 0.000000000000000000e+00 0.000000000000000000e+00 0.000000000000000000e+00 0.000000000000000000e+00 0.000000000000000000e+00 0.000000000000000000e+00 0.000000000000000000e+00 0.000000000000000000e+00
0.000000000000000000e+00 0.000000000000000000e+00 0.000000000000000000e+00 0.000000000000000000e+00 0.000000000000000000e+00 0.000000000000000000e+00 0.000000000000000000e+00 0.000000000000000000e+00 0.000000000000000000e+00 0.000000000000000000e+00 0.000000000000000000e+00 0.000000000000000000e+00 0.000000000000000000e+00 0.000000000000000000e+00 0.000000000000000000e+00 0.000000000000000000e+00 0.000000000000000000e+00 0.000000000000000000e+00 0.000000000000000000e+00 0.000000000000000000e+00 0.000000000000000000e+00 0.000000000000000000e+00 0.000000000000000000e+00 0.000000000000000000e+00
0.000000000000000000e+00 0.000000000000000000e+00 0.000000000000000000e+00 0.000000000000000000e+00 0.000000000000000000e+00 0.000000000000000000e+00 0.000000000000000000e+00 0.000000000000000000e+00 0.000000000000000000e+00 0.000000000000000000e+00 0.000000000000000000e+00 0.000000000000000000e+00 0.000000000000000000e+00 0.000000000000000000e+00 0.000000000000000000e+00 0.000000000000000000e+00 0.000000000000000000e+00 0.000000000000000000e+00 0.000000000000000000e+00 0.000000000000000000e+00 0.000000000000000000e+00 0.000000000000000000e+00 0.000000000000000000e+00 0.000000000000000000e+00
0.000000000000000000e+00 0.000000000000000000e+00 0.000000000000000000e+00 0.000000000000000000e+00 0.000000000000000000e+00 0.000000000000000000e+00 0.000000000000000000e+00 0.000000000000000000e+00 0.000000000000000000e+00 0.000000000000000000e+00 0.000000000000000000e+00 0.000000000000000000e+00 0.000000000000000000e+00 0.000000000000000000e+00 0.000000000000000000e+00 0.000000000000000000e+00 0.000000000000000000e+00 0.000000000000000000e+00 0.000000000000000000e+00 0.000000000000000000e+00 0.000000000000000000e+00 0.000000000000000000e+00 0.000000000000000000e+00 0.000000000000000000e+00
0.000000000000000000e+00 0.000000000000000000e+00 0.000000000000000000e+00 0.000000000000000000e+00 0.000000000000000000e+00 0.000000000000000000e+00 0.000000000000000000e+00 0.000000000000000000e+00 0.000000000000000000e+00 0.000000000000000000e+00 0.000000000000000000e+00 0.000000000000000000e+00 0.000000000000000000e+00 0.000000000000000000e+00 0.000000000000000000e+00 0.000000000000000000e+00 0.000000000000000000e+00 0.000000000000000000e+00 0.000000000000000000e+00 0.000000000000000000e+00 0.000000000000000000e+00 0.000000000000000000e+00 0.000000000000000000e+00 0.000000000000000000e+00
0.000000000000000000e+00 0.000000000000000000e+00 0.000000000000000000e+00 0.000000000000000000e+00 0.000000000000000000e+00 0.000000000000000000e+00 0.000000000000000000e+00 0.000000000000000000e+00 0.000000000000000000e+00 0.000000000000000000e+00 0.000000000000000000e+00 0.000000000000000000e+00 0.000000000000000000e+00 0.000000000000000000e+00 0.000000000000000000e+00 0.000000000000000000e+00 0.000000000000000000e+00 0.000000000000000000e+00 0.000000000000000000e+00 0.000000000000000000e+00 0.000000000000000000e+00 0.000000000000000000e+00 0.000000000000000000e+00 0.000000000000000000e+00
0.000000000000000000e+00 0.000000000000000000e+00 0.000000000000000000e+00 0.000000000000000000e+00 0.000000000000000000e+00 0.000000000000000000e+00 0.000000000000000000e+00 0.000000000000000000e+00 0.000000000000000000e+00 0.000000000000000000e+00 0.000000000000000000e+00 0.000000000000000000e+00 0.000000000000000000e+00 0.000000000000000000e+00 0.000000000000000000e+00 0.000000000000000000e+00 0.000000000000000000e+00 0.000000000000000000e+00 0.000000000000000000e+00 0.000000000000000000e+00 0.000000000000000000e+00 0.000000000000000000e+00 0.000000000000000000e+00 0.000000000000000000e+00
0.000000000000000000e+00 0.000000000000000000e+00 0.000000000000000000e+00 0.000000000000000000e+00 0.000000000000000000e+00 0.000000000000000000e+00 0.000000000000000000e+00 0.000000000000000000e+00 0.000000000000000000e+00 0.000000000000000000e+00 0.000000000000000000e+00 0.000000000000000000e+00 0.000000000000000000e+00 0.000000000000000000e+00 0.000000000000000000e+00 0.000000000000000000e+00 0.000000000000000000e+00 0.000000000000000000e+00 0.000000000000000000e+00 0.000000000000000000e+00 0.000000000000000000e+00 0.000000000000000000e+00 0.000000000000000000e+00 0.000000000000000000e+00
0.000000000000000000e+00 0.000000000000000000e+00 0.000000000000000000e+00 0.000000000000000000e+00 0.000000000000000000e+00 0.000000000000000000e+00 0.000000000000000000e+00 0.000000000000000000e+00 0.000000000000000000e+00 0.000000000000000000e+00 0.000000000000000000e+00 0.000000000000000000e+00 0.000000000000000000e+00 0.000000000000000000e+00 0.000000000000000000e+00 0.000000000000000000e+00 0.000000000000000000e+00 0.000000000000000000e+00 0.000000000000000000e+00 0.000000000000000000e+00 0.000000000000000000e+00 0.000000000000000000e+00 0.000000000000000000e+00 0.000000000000000000e+00
0.000000000000000000e+00 0.000000000000000000e+00 0.000000000000000000e+00 0.000000000000000000e+00 0.000000000000000000e+00 0.000000000000000000e+00 0.000000000000000000e+00 0.000000000000000000e+00 0.000000000000000000e+00 0.000000000000000000e+00 0.000000000000000000e+00 0.000000000000000000e+00 0.000000000000000000e+00 0.000000000000000000e+00 0.000000000000000000e+00 0.000000000000000000e+00 0.000000000000000000e+00 0.000000000000000000e+00 0.000000000000000000e+00 0.000000000000000000e+00 0.000000000000000000e+00 0.000000000000000000e+00 0.000000000000000000e+00 0.000000000000000000e+00
0.000000000000000000e+00 0.000000000000000000e+00 0.000000000000000000e+00 0.000000000000000000e+00 0.000000000000000000e+00 0.000000000000000000e+00 0.000000000000000000e+00 0.000000000000000000e+00 0.000000000000000000e+00 0.000000000000000000e+00 0.000000000000000000e+00 0.000000000000000000e+00 0.000000000000000000e+00 0.000000000000000000e+00 0.000000000000000000e+00 0.000000000000000000e+00 0.000000000000000000e+00 0.000000000000000000e+00 0.000000000000000000e+00 0.000000000000000000e+00 0.000000000000000000e+00 0.000000000000000000e+00 0.000000000000000000e+00 0.000000000000000000e+00
1.500112024199772520e+00 1.901345775503185287e+00 2.325007056004347650e+00 2.753074799353318891e+00 3.147825711825131378e+00 3.465042679896281008e+00 3.654938482426865143e+00 3.688651519278274282e+00 3.524853891217684332e+00 3.177785625291149163e+00 2.667193064445334993e+00 2.055349894002420186e+00 1.427788387052303154e+00 8.665480586661012952e-01 4.470431372343576237e-01 1.878186778431432946e-01 5.887769175068760519e-02 1.024792887730104768e-02 9.634377986787800519e-04 0.000000000000000000e+00 0.000000000000000000e+00 0.000000000000000000e+00 0.000000000000000000e+00 0.000000000000000000e+00
1.483350483722494451e+00 1.905368542083297756e+00 2.356394013871191184e+00 2.815316492790858049e+00 3.256694663682999202e+00 3.632976294610194667e+00 3.892969458510089353e+00 3.994623511093056578e+00 3.909856639163564740e+00 3.614005395161187018e+00 3.146361650542977895e+00 2.530397641322196911e+00 1.867628144210129681e+00 1.226495010540539665e+00 7.014706004437576414e-01 3.369744279674014575e-01 1.306719189760287836e-01 3.456221551260084401e-02 4.775799837086467693e-03 0.000000000000000000e+00 0.000000000000000000e+00 0.000000000000000000e+00 0.000000000000000000e+00 0.000000000000000000e+00
1.464676457216914862e+00 1.903350574736116574e+00 2.379739492321317318e+00 2.870484410003231623e+00 3.352801230386390774e+00 3.783468393217607417e+00 4.111264479991207033e+00 4.283384301872345645e+00 4.270867117270320534e+00 4.036487256746473129e+00 3.610512948179144033e+00 3.003165043079755403e+00 2.312782524953697294e+00 1.608486446140290793e+00 9.891303926193486529e-01 5.189731568429618580e-01 2.256957807286086859e-01 7.494383746873362062e-02 1.505329346005919097e-02 2.355664217929323285e-04 0.000000000000000000e+00 0.000000000000000000e+00 0.000000000000000000e+00 0.000000000000000000e+00
1.454028277842432715e+00 1.909005117413190344e+00 2.408981131365572015e+00 2.934641421072573308e+00 3.451531328047963587e+00 3.937229693775080808e+00 4.325591681063192695e+00 4.569106036032809293e+00 4.620088595812177346e+00 4.452470129715392133e+00 4.062699330956055732e+00 3.482458621885570427e+00 2.763920880383857526e+00 2.010481391033942966e+00 1.296486826131087566e+00 7.314269013591399027e-01 3.440660640981498264e-01 1.320019850652529581e-01 3.352871896755550696e-02 3.189455802389076517e-03 0.000000000000000000e+00 0.000000000000000000e+00 0.000000000000000000e+00 0.000000000000000000e+00
1.445709199502692499e+00 1.913350918555486446e+00 2.438582357779711440e+00 2.994338270773070576e+00 3.552765633310539073e+00 4.082389432082371705e+00 4.535014107034545994e+00 4.840209407448006651e+00 4.964857036301809856e+00 4.854985725150655185e+00 4.512934843613711777e+00 3.955060048500248726e+00 3.226068718192467433e+00 2.422126570253536393e+00 1.636336664746084635e+00 9.701202954662344613e-01 4.883939043388743628e-01 2.005736318265491647e-01 6.119589839867133063e-02 9.084578479194280881e-03 0.000000000000000000e+00 0.000000000000000000e+00 0.000000000000000000e+00 0.000000000000000000e+00
1.436217563869974567e+00 1.915065046937198812e+00 2.460816638298684911e+00 3.047335916112754450e+00 3.644473334364212391e+00 4.218405950301980845e+00 4.728374295403068750e+00 5.098875373778532172e+00 5.288561329984831083e+00 5.245715239629461735e+00 4.949933868838174433e+00 4.414709558722656801e+00 3.684451931442275008e+00 2.844406152592497516e+00 1.990108308123613945e+00 1.229447674039138017e+00 6.548094665367947265e-01 2.863456580991521894e-01 9.849854239416873380e-02 1.991592217121578370e-02 0.000000000000000000e+00 0.000000000000000000e+00 0.000000000000000000e+00 0.000000000000000000e+00
1.426665187255231837e+00 1.915081398061463380e+00 2.479633277706732919e+00 3.094693204319155733e+00 3.727142420033129788e+00 4.344995061761565580e+00 4.906824713925492354e+00 5.344960074126961835e+00 5.594302704579975583e+00 5.619195357782108324e+00 5.367766152145455827e+00 4.876029025560405294e+00 4.143553842794339914e+00 3.276872793184685051e+00 2.354756140443870827e+00 1.513309119184857554e+00 8.423339671556426822e-01 3.907161166278950715e-01 1.449853988511693448e-01 3.690280304572472747e-02 6.207978245435114570e-04 0.000000000000000000e+00 0.000000000000000000e+00 0.000000000000000000e+00
1.408573368096087020e+00 1.911895138296518359e+00 2.509859218771176348e+00 3.177622739771245541e+00 3.881463810750953147e+00 4.582598219621235813e+00 5.241183267017444969e+00 5.802913126339151795e+00 6.177021032485510155e+00 6.328482275643226629e+00 6.187400771729666182e+00 5.764049712331694941e+00 5.055046276854759491e+00 4.146292143669643160e+00 3.133427259327259407e+00 2.133492105549450013e+00 1.274964447504858267e+00 6.509703339597961991e-01 2.703302119950730109e-01 8.620463968332608973e-02 1.182506288394119878e-02 0.000000000000000000e+00 0.000000000000000000e+00 0.000000000000000000e+00
1.391023444268423725e+00 1.907534401511040256e+00 2.531846217102329710e+00 3.245023812899797022e+00 4.012646992903432519e+00 4.793675653224848787e+00 5.544557748325849467e+00 6.219636397406985928e+00 6.720389826419345347e+00 6.993677167417421181e+00 6.970130930065120189e+00 6.625331569933652354e+00 5.964906433485910320e+00 5.033527848332230548e+00 3.942072942823084958e+00 2.808785802826946565e+00 1.778179407598820649e+00 9.753861545477070516e-01 4.414219124843262732e-01 1.623761876334443299e-01 3.767292815499528880e-02 0.000000000000000000e+00 0.000000000000000000e+00 0.000000000000000000e+00
1.372750893132115513e+00 1.899378556535833207e+00 2.545790701738551043e+00 3.298236794142314299e+00 4.125277293704709969e+00 4.981568881763346113e+00 5.820944165389097869e+00 6.595930058830544063e+00 7.226689201042175270e+00 7.615458855828465268e+00 7.718895072914142119e+00 7.453143385379904728e+00 6.858220491287668530e+00 5.922855900897882719e+00 4.777774563472451774e+00 3.530493504686817552e+00 2.342983014434867339e+00 1.360704727269955727e+00 6.658858742662405739e-01 2.658591963145554571e-01 7.966913160550305462e-02 4.902468126233522003e-03 0.000000000000000000e+00 0.000000000000000000e+00
1.354680397592983532e+00 1.890389901593362953e+00 2.554475273347570852e+00 3.341376937907228228e+00 4.220574903965884417e+00 5.148411129666586206e+00 6.072594853714534224e+00 6.944831925839679343e+00 7.695520162310295120e+00 8.206788800438642895e+00 8.430032055659985701e+00 8.265357135494010521e+00 7.732428045644947012e+00 6.816797395996577080e+00 5.634864532534166415e+00 4.294488962398662402e+00 2.959405662161506356e+00 1.795636146273920097e+00 9.349705709347095883e-01 3.989865335783268629e-01 1.337982996726179985e-01 2.028166717865514251e-02 0.000000000000000000e+00 0.000000000000000000e+00
1.336793944066414719e+00 1.879065174620111245e+00 2.557423516950629860e+00 3.374808199119127217e+00 4.299681443330900521e+00 5.297800354573036330e+00 6.301342321379283185e+00 7.270837725628242154e+00 8.128194789982996937e+00 8.767739483818450807e+00 9.101812754816068107e+00 9.064385230151721373e+00 8.585796630497947390e+00 7.726035397094245027e+00 6.501354531840806139e+00 5.096540314803203131e+00 3.613566648417482430e+00 2.289543031215036439e+00 1.251282245098451540e+00 5.710949461711467556e-01 2.074458131655153859e-01 4.764114819303244541e-02 0.000000000000000000e+00 0.000000000000000000e+00
1.320005516597367423e+00 1.867011235078339437e+00 2.558952305367004687e+00 3.400665751072744936e+00 4.371929666843714202e+00 5.427082988286636933e+00 6.514310880242698332e+00 7.568266062377539960e+00 8.535253644077908319e+00 9.290061831325116870e+00 9.744557407354703216e+00 9.814825779527987848e+00 9.427971090663518794e+00 8.609724728496088275e+00 7.388041482386642933e+00 5.902016000455800437e+00 4.315738272069018500e+00 2.821853140824627459e+00 1.615620042682384794e+00 7.772744350269460423e-01 3.054499790104116541e-01 8.747486678587033937e-02 0.000000000000000000e+00 0.000000000000000000e+00
1.303446888431305295e+00 1.853792590364198745e+00 2.558359582812785860e+00 3.421547232510157244e+00 4.432926082524408784e+00 5.543091755858877256e+00 6.705956874568396842e+00 7.844068411264721874e+00 8.912217524021759374e+00 9.787700930068780281e+00 1.036177714532180794e+01 1.054256715928728028e+01 1.025386515296483836e+01 9.479166517450689611e+00 8.272674608666608975e+00 6.730212258711451234e+00 5.050155023081546624e+00 3.395936798075335439e+00 2.020672975556023765e+00 1.016330936084038239e+00 4.232907409831005441e-01 1.331726397564957642e-01 1.252079101541704945e-02 0.000000000000000000e+00
1.280896052878416347e+00 1.834507750219652511e+00 2.552342670925440427e+00 3.443881812984455504e+00 4.503723094897797097e+00 5.695091066750201492e+00 6.961758413389102174e+00 8.230180589297249938e+00 9.432693419104371202e+00 1.048688667415719067e+01 1.123088935336770433e+01 1.159635382188864305e+01 1.144262372964068319e+01 1.077678622121103835e+01 9.590974276231712281e+00 8.003246513576975474e+00 6.183997409557592917e+00 4.336345205064433550e+00 2.696292932318980373e+00 1.450610147234713487e+00 6.458752670706636723e-01 2.305621682412530016e-01 4.354096766417716452e-02 0.000000000000000000e+00
1.259580466864623105e+00 1.814774006060226208e+00 2.542744038143384788e+00 3.457461402924539406e+00 4.559533268150796737e+00 5.820856555536463972e+00 7.182120990034499997e+00 8.578222485729451563e+00 9.913391121808395212e+00 1.113067906303584742e+01 1.205035903403237718e+01 1.258700508728718326e+01 1.259605647011802887e+01 1.204621801987130603e+01 1.091137506591068451e+01 9.305813782092069886e+00 7.380248057235044179e+00 5.348282114009880850e+00 3.451941514115639098e+00 1.954593373089278829e+00 9.190218731343626768e-01 3.534745258057332973e-01 9.437761049688481174e-02 0.000000000000000000e+00
1.234366022761828718e+00 1.790503424041287150e+00 2.528456294707277507e+00 3.469327384076863030e+00 4.619983175182349022e+00 5.964293050876809055e+00 7.442445661211998242e+00 8.991125086546267298e+00 1.050081851089646889e+01 1.191560892359432344e+01 1.307859714023746278e+01 1.383987118719344522e+01 1.407314266396360658e+01 1.369175742248935990e+01 1.266073378027849294e+01 1.105861137807832684e+01 9.004700626105146100e+00 6.771867201806147207e+00 4.577513087641126077e+00 2.736097369091087916e+00 1.378739340247290057e+00 5.779871241644752855e-01 1.857536557326704418e-01 1.817633163144332514e-02
1.206543895527301347e+00 1.761985165374362783e+00 2.507787047659048696e+00 3.474678349838048685e+00 4.671000288629958419e+00 6.101891455256067687e+00 7.706953628498619757e+00 9.424754444251217222e+00 1.114459610839735859e+01 1.279197298852910514e+01 1.423535616895738087e+01 1.529154142561573693e+01 1.580578470236674171e+01 1.566634391622589462e+01 1.478402496336225447e+01 1.324988051697280156e+01 1.111336813688587277e+01 8.682086959747893573e+00 6.138145537725984369e+00 3.870889524346705191e+00 2.102859108169938374e+00 9.633888709964987251e-01 3.531804178886328582e-01 7.644983585359717282e-02
1.181714306289147531e+00 1.735909852166000800e+00 2.485560142801125139e+00 3.469675334019694635e+00 4.707377092840389743e+00 6.205367517009096723e+00 7.924463580714248501e+00 9.796523997893586966e+00 1.172185011555606060e+01 1.358529103464269738e+01 1.529240045174754137e+01 1.663536299003829555e+01 1.743796404993544868e+01 1.756694914249812456e+01 1.688771827284804417e+01 1.544183136299493597e+01 1.326299843739403350e+01 1.064392420974150077e+01 7.828991024940810561e+00 5.159924286751451206e+00 2.985397624323816057e+00 1.457007681546021782e+00 5.849931827763934500e-01 1.800422255416353479e-01
1.160774988564161836e+00 1.712968393100753550e+00 2.466207863283564450e+00 3.462317020211497898e+00 4.734538616678238832e+00 6.288682774554812838e+00 8.113053450750571827e+00 1.012172427771965744e+01 1.223658432041288791e+01 1.430400604658579944e+01 1.626018071772680784e+01 1.788444541688756928e+01 1.898032034072658192e+01 1.936185843695113107e+01 1.891959980800954355e+01 1.758666659378732433e+01 1.546547323495436999e+01 1.268444935963378484e+01 9.651025706417806660e+00 6.602161374825689322e+00 4.017039565951208147e+00 2.077355101379367408e+00 9.013267796493094064e-01 3.071070536735341361e-01
1.142450592879118654e+00 1.691409473116612716e+00 2.445972458427740914e+00 3.452979905796921045e+00 4.750478754510877977e+00 6.353365105625959686e+00 8.260997350235593117e+00 1.039786957623963559e+01 1.268287659590036576e+01 1.496369645429600759e+01 1.714465175834671129e+01 1.903920146677885583e+01 2.042361932331922247e+01 2.109686334947168618e+01 2.088581755946042762e+01 1.969623025177708797e+01 1.763949952929504761e+01 1.477678372760376924e+01 1.153266249904908491e+01 8.165828625898731374e+00 5.174247418980851165e+00 2.819043699677686199e+00 1.282343526479847506e+00 4.715134064506047440e-01
1.125981340915277240e+00 1.671573887652617829e+00 2.425944671728009983e+00 3.440019184884032022e+00 4.758492427588510765e+00 6.406034078852782976e+00 8.381897738961173516e+00 1.064182934455173246e+01 1.307668258367331227e+01 1.557196503297400447e+01 1.795111039376073947e+01 2.013229559843542305e+01 2.178260322632384316e+01 2.274456163562500066e+01 2.276455753468820831e+01 2.178635306171031871e+01 1.979090806169098471e+01 1.693887544984189830e+01 1.348074618716299078e+01 9.848813640144092219e+00 6.428592173970930190e+00 3.687589128201013366e+00 1.770787181332175386e+00 7.074853059197875327e-01
1.112484788191296481e+00 1.653984128476610360e+00 2.408989331930770472e+00 3.426845965313580766e+00 4.763945206200927984e+00 6.447091826542463266e+00 8.490724112493417408e+00 1.085311073688154160e+01 1.343846084964484788e+01 1.611204860409569051e+01 1.872464633951830137e+01 2.113170031156909090e+01 2.308420211050370696e+01 2.430150803715344665e+01 2.462791908400726015e+01 2.382240516876397152e+01 2.195663664295895146e+01 1.905911370170474228e+01 1.548104516089020599e+01 1.158245285807499592e+01 7.826293254365253915e+00 4.638502957832604245e+00 2.331300911011738641e+00 9.714341648009082730e-01
1.100018305434122379e+00 1.638102938010286724e+00 2.391154920124848093e+00 3.413056130537937438e+00 4.761813508350234869e+00 6.477939868437182724e+00 8.575945987095613177e+00 1.103342246139233573e+01 1.374740040767590088e+01 1.660458399174679656e+01 1.942504714747045469e+01 2.207259784018798143e+01 2.431746861920534997e+01 2.580708057658805643e+01 2.639596109986269923e+01 2.582233610119878264e+01 2.409288747282825938e+01 2.123904877782946343e+01 1.753971339058807644e+01 1.341069835792699472e+01 9.282246702568691887e+00 5.686832491809449053e+00 2.990581100842891082e+00 1.312171082109080178e+00
1.089288391355908603e+00 1.624282961098342470e+00 2.375378495893919695e+00 3.401505736507037803e+00 4.761127383822006287e+00 6.506370469262173550e+00 8.651671364033122202e+00 1.119641675453085305e+01 1.404125514493978422e+01 1.707375884275513656e+01 2.010012832111053172e+01 2.297897921095180962e+01 2.547810016207767703e+01 2.728137230372233901e+01 2.812131889100411541e+01 2.780912133301753997e+01 2.620155184260540793e+01 2.343996373214857698e+01 1.962550102807648500e+01 1.529241285892391033e+01 1.082933403898251257e+01 6.857071310239238215e+00 3.741253318714508946e+00 1.720602524890937568e+00
1.071015105352722818e+00 1.599874078412123035e+00 2.345875744443096877e+00 3.375069977074155236e+00 4.750650454437661985e+00 6.539783645400263801e+00 8.770979690571168774e+00 1.146045977754102729e+01 1.453389279687970692e+01 1.787643310224196824e+01 2.130080556290222660e+01 2.460895094880596901e+01 2.761379967389722623e+01 2.999531267727347839e+01 3.136523913976255429e+01 3.156768291813824945e+01 3.031596350525579453e+01 2.773781326733611508e+01 2.384521671851241820e+01 1.919554040617995838e+01 1.415528129987299799e+01 9.401866384241323260e+00 5.485374360448904696e+00 2.727748410363320275e+00
1.057335272259082082e+00 1.581090153195564785e+00 2.322664212217380175e+00 3.351786909216705634e+00 4.739049941118921083e+00 6.560066389991019875e+00 8.862309143758700714e+00 1.166666569151085042e+01 1.494365641618960616e+01 1.855771043752463356e+01 2.234708965246312573e+01 2.607437295589197035e+01 2.955599028975958831e+01 3.248606605287979932e+01 3.442304618413529482e+01 3.514452821391677872e+01 3.432702511079848762e+01 3.197924074574721232e+01 2.817741023379339182e+01 2.325370956997035776e+01 1.777481668222792166e+01 1.229606898187292607e+01 7.545125851193268396e+00 3.989497748683207945e+00
1.047084204347550562e+00 1.565844014610116464e+00 2.302996561650682228e+00 3.331027224907785023e+00 4.728325677958573614e+00 6.570881995939398479e+00 8.934871831346766768e+00 1.183827166930239727e+01 1.528646488639316381e+01 1.914890094710526824e+01 2.327948831555135101e+01 2.740657157768115226e+01 3.135227095902588701e+01 3.478364913017778548e+01 3.731576544730268807e+01 3.854977386125484884e+01 3.823911239852448318e+01 3.614985171953614440e+01 3.251723914506987256e+01 2.738046476061368040e+01 2.152491443544176519e+01 1.539402460606189393e+01 9.881003735454298109e+00 5.500800103560504084e+00
1.039167793332402390e+00 1.553966322761745733e+00 2.287158356896010769e+00 3.312364366744052546e+00 4.714575858338000636e+00 6.575881113141776702e+00 8.986402597751943944e+00 1.197916608407630079e+01 1.556954844761399492e+01 1.966580684615210473e+01 2.411564592868519696e+01 2.862863770087351156e+01 3.298807153662944813e+01 3.695566586149455190e+01 4.005104699078194130e+01 4.178611923440238485e+01 4.198801358468632117e+01 4.024777709776891754e+01 3.680755488540349063e+01 3.161589021578035741e+01 2.543622159751221545e+01 1.876807120303548615e+01 1.248739524129583245e+01 7.271668446245512563e+00
1.033638039416860499e+00 1.544851647761535052e+00 2.274111012175469071e+00 3.296799792964249853e+00 4.701238165137423763e+00 6.579851205886702914e+00 9.023237871248007025e+00 1.209598221800447071e+01 1.580292987534203952e+01 2.011132522343393347e+01 2.480821477414562537e+01 2.973472488394768476e+01 3.450654517661805443e+01 3.894680421650129887e+01 4.254997627561287032e+01 4.491088870697725355e+01 4.556440706660454509e+01 4.429666670244900217e+01 4.098955087674830366e+01 3.592804045098678500e+01 2.938939197428005201e+01 2.230287429390764586e+01 1.524820739664125568e+01 9.290132646199019462e+00
1.027464548030029956e+00 1.532697598036354192e+00 2.255641779223752419e+00 3.272850418494042124e+00 4.680331251696837391e+00 6.580641086889158053e+00 9.078841183621268129e+00 1.226998830609906932e+01 1.619368631050065943e+01 2.083859179471606637e+01 2.605973479238442536e+01 3.162382459245084121e+01 3.723422620887342305e+01 4.252472039716374752e+01 4.722836178934024076e+01 5.064915213772322033e+01 5.239923599147038402e+01 5.203369825429501816e+01 4.936790565929366181e+01 4.444876701145484077e+01 3.764478471466548370e+01 2.971950392237928185e+01 2.145416975710217855e+01 1.388289366697190808e+01
1.025588474179849108e+00 1.526769497454242508e+00 2.244890462202210113e+00 3.257684718514946898e+00 4.663642849674131341e+00 6.577006850119539116e+00 9.118140339240113690e+00 1.239982283296323828e+01 1.649587294546916993e+01 2.140790702191435102e+01 2.707464929787789387e+01 3.322438525897293715e+01 3.960987238332648275e+01 4.574101273057230088e+01 5.141261473456282971e+01 5.592515121640730769e+01 5.878383255317378797e+01 5.940164769835820380e+01 5.750070087552246889e+01 5.297940309659483660e+01 4.614414042813265837e+01 3.753872342524360306e+01 2.830133189057591281e+01 1.921066076240003184e+01
1.028405408356687145e+00 1.526966259259363135e+00 2.239027705946235791e+00 3.247336413922657705e+00 4.650629678516496668e+00 6.575765526047045562e+00 9.158400848994553201e+00 1.253548504352045967e+01 1.682347104068336918e+01 2.206893313217999619e+01 2.825507254044005023e+01 3.518810716185773657e+01 4.255898570901531741e+01 4.996391539790152336e+01 5.691933046962077469e+01 6.306930673040073287e+01 6.750284858124874177e+01 6.975272872956040260e+01 6.912481771945530795e+01 6.548408256687213225e+01 5.889735423424087912e+01 4.983477890764712015e+01 3.928923470086919423e+01 2.837152266201003670e+01
1.042314797405669013e+00 1.540429216464606510e+00 2.249922107001179672e+00 3.252209160242834685e+00 4.654891017583837609e+00 6.587492455841185368e+00 9.212731052065523230e+00 1.269513702133014377e+01 1.720000778684759979e+01 2.285730868262077564e+01 2.969746229477373234e+01 3.766976421193844260e+01 4.646051322217772395e+01 5.567379427861942531e+01 6.475958122314705179e+01 7.320745230582855356e+01 8.036848857696072912e+01 8.521346106545769317e+01 8.713425032141692839e+01 8.539496963715980371e+01 7.994817587142838988e+01 7.092910723797807293e+01 5.907736513128350708e+01 4.574855154990010675e+01
1.062268907739546631e+00 1.563251380179746297e+00 2.274843359496797834e+00 3.277081828456291035e+00 4.680132360774517331e+00 6.619307084504852945e+00 9.266441852490885367e+00 1.281537509707615463e+01 1.746349985954652340e+01 2.339479784903966220e+01 3.072081295788546029e+01 3.943940354672619719e+01 4.940424505110941311e+01 6.012960705102008063e+01 7.117455848239968930e+01 8.172405705388166552e+01 9.134254942991452708e+01 9.886008867684516588e+01 1.033485161452149015e+02 1.039819548576102761e+02 1.002060468885301106e+02 9.197747437760212108e+01 7.979427822664148096e+01 6.475116271094468345e+01
1.106767621395955192e+00 1.620452399897110540e+00 2.343127960928237385e+00 3.357369607837501047e+00 4.768857949047750289e+00 6.725078280547739595e+00 9.404148987480940747e+00 1.303161321025550734e+01 1.785578043960324379e+01 2.413305841294889831e+01 3.210635061064905216e+01 4.191110024712095594e+01 5.353186762601450965e+01 6.676658905498067043e+01 8.096263194884289760e+01 9.550601091732613668e+01 1.093569094915175555e+02 1.219255447708074627e+02 1.316878864432298712e+02 1.374187895420720622e+02 1.380433125709251385e+02 1.328386686963894476e+02 1.217551732167955549e+02 1.055581424127373396e+02
1.153318482832175196e+00 1.682340257811156814e+00 2.423161676380120255e+00 3.455378625494762268e+00 4.888346775322539806e+00 6.864517353875023709e+00 9.575089379976599702e+00 1.325371930980176138e+01 1.818747583838881710e+01 2.468870913436699155e+01 3.305763382547292650e+01 4.358772128542451441e+01 5.637653108240067468e+01 7.137644336212180463e+01 8.814927050354188509e+01 1.059554208221601925e+02 1.238684924666704319e+02 1.407150717207709079e+02 1.555760767866036645e+02 1.664942762770349418e+02 1.720381006078973201e+02 1.710740790183184572e+02 1.626042402531741971e+02 1.472328536117964859e+02
1.198457629300573313e+00 1.743569815353579022e+00 2.504940159292366353e+00 3.559328020974125817e+00 5.017628765537383018e+00 7.022036050334010682e+00 9.765998360840574932e+00 1.349349418635642905e+01 1.850712425480159240e+01 2.515750801240371004e+01 3.382270822571351232e+01 4.484306124370504421e+01 5.851787185867124208e+01 7.483087710461224162e+01 9.368442461452072223e+01 1.142522779217742226e+02 1.357230603362742443e+02 1.566193424651013686e+02 1.759836534122776186e+02 1.920114410550177979e+02 2.026776693848849504e+02 2.063007688429437678e+02 2.018143672925468479e+02 1.883741644940604374e+02
1.240947367149338065e+00 1.802690576023786573e+00 2.584158114478867674e+00 3.663786995990812034e+00 5.149733538156236357e+00 7.186273745377912192e+00 9.967338159682599397e+00 1.374038555449221732e+01 1.882582130756872019e+01 2.558947699116935937e+01 3.447290553619500031e+01 4.587187091111377413e+01 6.020035829704401209e+01 7.758357462149308503e+01 9.801446543107688569e+01 1.209713496481293760e+02 1.454931136950604582e+02 1.702608856875596359e+02 1.937777547510285956e+02 2.145399861268717814e+02 2.304456851899437595e+02 2.390019503107147330e+02 2.389926075015114577e+02 2.284694185605317784e+02
1.280686948196140484e+00 1.859595408870766686e+00 2.660963416764662526e+00 3.767279489823259109e+00 5.282363153124896904e+00 7.355166918039829582e+00 1.017458255331541217e+01 1.399913262611825715e+01 1.914686942995427543e+01 2.601951065053253842e+01 3.506909609219277257e+01 4.678532673919742280e+01 6.160727443054989294e+01 7.990704630918229157e+01 1.016410489749177515e+02 1.266581609603096013e+02 1.538442546009720786e+02 1.821524297569411033e+02 2.096458399561622343e+02 2.349110111546193878e+02 2.557098906849230104e+02 2.694122395584969354e+02 2.737985767185173245e+02 2.674027090215777207e+02
1.318319395623103407e+00 1.913404806889974274e+00 2.735317536121681492e+00 3.868195776134713881e+00 5.414030615370986510e+00 7.523872953411307130e+00 1.038797103485789819e+01 1.426502333465570338e+01 1.947758396003683146e+01 2.644117491638949957e+01 3.562346139545935131e+01 4.760069218155127402e+01 6.283314027800381751e+01 8.185342652793403317e+01 1.047117344848890497e+02 1.314037009921731851e+02 1.610276468078845653e+02 1.924459735417563309e+02 2.237925576089088509e+02 2.532623954421329131e+02 2.790242953421350762e+02 2.977072999144050414e+02 3.067414854890500919e+02 3.047821440362972680e+02
1.353677244805516100e+00 1.963542431248501696e+00 2.806096580285005970e+00 3.965364161802303666e+00 5.542926620529802229e+00 7.685577519621134890e+00 1.059229925564484454e+01 1.451654608125579848e+01 1.979270150304246911e+01 2.684450369542156167e+01 3.616564871510055212e+01 4.835459365403467302e+01 6.395850896451187140e+01 8.359158730655914837e+01 1.074598698320358636e+02 1.355215351860342423e+02 1.673656028649065775e+02 2.016038254391153544e+02 2.365883548509184209e+02 2.700868633861405783e+02 3.001427047561538757e+02 3.240489246174728351e+02 3.380214126499012650e+02 3.403863794093908837e+02
1.418975967708983488e+00 2.056578930563826013e+00 2.938087202849406498e+00 4.142175627372880697e+00 5.782803633492921591e+00 8.002090518192735757e+00 1.099933767338883328e+01 1.503011606086690044e+01 2.043772579018186875e+01 2.764797957262967287e+01 3.720672737149987341e+01 4.972970025766606028e+01 6.596557973101677419e+01 8.646953019162621956e+01 1.119456586720806115e+02 1.424304268698684268e+02 1.778929969177967223e+02 2.171255084238284780e+02 2.585567556462606831e+02 2.997704165489827801e+02 3.383427119688824973e+02 3.715272641115665238e+02 3.957868342869155640e+02 4.070433151167475216e+02
1.504191126436349446e+00 2.181184997516605328e+00 3.113942953341268360e+00 4.388433819194520247e+00 6.115846778378045911e+00 8.445947491640948712e+00 1.157530508359179855e+01 1.576395215956634566e+01 2.136188917354185079e+01 2.880405911309541978e+01 3.867267630038850257e+01 5.163356265010486368e+01 6.851544000255377398e+01 9.013555080879082482e+01 1.173129132280627118e+02 1.506167525909546328e+02 1.901736924454488360e+02 2.355063010292035415e+02 2.850591885334899303e+02 3.364382510719547668e+02 3.870315707922543993e+02 4.331492863200344345e+02 4.720651747791393973e+02 4.978886186431763008e+02
1.623350418010017782e+00 2.356755964292946093e+00 3.366432962032171794e+00 4.743935539769371879e+00 6.609010854056398543e+00 9.113178958669799101e+00 1.245929620369148871e+01 1.691001444243594420e+01 2.281409069663899558e+01 3.064188393859730297e+01 4.096728852901867413e+01 5.455964544432499963e+01 7.228382221260017104e+01 9.522420793307254883e+01 1.244270748879138608e+02 1.609315373977568981e+02 2.054724727944731626e+02 2.581139880914938090e+02 3.182103485346543721e+02 3.836711958625886041e+02 4.513733000018004873e+02 5.177743030910088464e+02 5.779136730905387367e+02 6.283547031674776235e+02
1.807485093433290890e+00 2.629636990441821531e+00 3.763803356661390431e+00 5.311680542366185698e+00 7.402124495999976794e+00 1.020397424563838840e+01 1.393308199788831736e+01 1.886591377762686506e+01 2.537687426273095070e+01 3.392089022848060864e+01 4.514080349103806356e+01 5.979455655292711924e+01 7.893560090973871013e+01 1.037280977248536544e+02 1.356627704459137362e+02 1.762427766199060670e+02 2.270253634320131653e+02 2.891893980909763400e+02 3.632617982977607198e+02 4.483678708932717996e+02 5.428168610243775447e+02 6.417520440086100280e+02 7.410278645834594045e+02 8.329563114426483708e+02
2.064426924869771085e+00 3.014758343649893035e+00 4.332493338171982344e+00 6.133505771619886637e+00 8.572242240725401530e+00 1.184276962562327995e+01 1.618703053202623821e+01 2.192558785876632399e+01 2.944590186974604151e+01 3.927017493254175662e+01 5.204833515341952932e+01 6.862511828371418687e+01 9.009301646838251543e+01 1.178197953465799515e+02 1.535246400728407536e+02 1.992460518484134298e+02 2.573339347210458072e+02 3.302659556003138732e+02 4.201573423579333166e+02 5.288458080649942303e+02 6.559892145434860140e+02 8.002062107975658591e+02 9.569007198805443295e+02 1.118809656679088221e+03
2.449922654966622204e+00 3.600730776971566183e+00 5.207865942124396241e+00 7.419289836148032613e+00 1.043093708981883694e+01 1.449244324011414697e+01 1.989645792998404517e+01 2.705921983497072247e+01 3.644468770883540998e+01 4.867893922202740242e+01 6.452424028524325195e+01 8.493734966253951768e+01 1.111366725366039958e+02 1.446816605073770461e+02 1.875134140936865208e+02 2.421005229911479546e+02 3.114356193826470758e+02 3.992938821897040498e+02 5.096760501298881536e+02 6.473023937727359680e+02 8.159867608797610501e+02 1.019524947405967737e+03 1.258436818243239486e+03 1.530423621886539422e+03
